12 0.2570532319391635 0.4028974358974359 0.04998574144486692 0.07032051282051283
9 0.3505655893536122 0.34205128205128205 0.057115019011406844 0.16016666666666668
12 0.6391634980988593 0.4332948717948718 0.06397338403041825 0.1247051282051282
14 0.39460551330798477 0.703647435897436 0.0786596958174905 0.16541025641025642
14 0.49095057034220535 0.7031217948717948 0.06934410646387833 0.16116025641025641
10 0.30900190114068443 0.5825705128205128 0.08805133079847909 0.17966666666666664
11 0.5833269961977186 0.7023717948717949 0.06874049429657794 0.16606410256410256
7 0.49345057034220535 0.33828846153846154 0.050584600760456275 0.15905128205128205
2 0.23498574144486692 0.49553205128205124 0.044586501901140684 0.15303205128205127
0 0.4913830798479087 0.49541025641025643 0.055960076045627374 0.15919871794871795
2 0.36347433460076045 0.20664102564102566 0.052038973384030414 0.1072948717948718
3 0.5632319391634981 0.3638653846153846 0.05231463878326996 0.12687820512820513
3 0.6259695817490494 0.3031153846153846 0.04954847908745247 0.1207628205128205
5 0.28925855513307985 0.28883333333333333 0.06519961977186312 0.14026923076923076
1 0.49463878326996197 0.1979423076923077 0.04108365019011407 0.1251602564102564
4 0.6673288973384031 0.5866282051282051 0.08465304182509506 0.17496153846153847