2 0.30228136882129275 0.183974358974359 0.06273764258555133 0.13974358974358975
4 0.48859315589353614 0.18269230769230768 0.039923954372623575 0.15512820512820513
3 0.5499049429657795 0.2564102564102564 0.03326996197718631 0.11025641025641025
1 0.5494296577946768 0.14807692307692308 0.034220532319391636 0.10128205128205128
3 0.6078897338403042 0.257051282051282 0.04277566539923954 0.10384615384615385
0 0.6088403041825095 0.15897435897435896 0.03517110266159696 0.09230769230769231
3 0.6744296577946768 0.25769230769230766 0.03897338403041825 0.11538461538461539
2 0.6730038022813688 0.1641025641025641 0.058935361216730035 0.07435897435897436
5 0.7295627376425855 0.20448717948717948 0.04657794676806084 0.13205128205128205
14 0.18155893536121673 0.7173076923076923 0.10456273764258556 0.15512820512820513
11 0.2785171102661597 0.7166666666666667 0.08555133079847908 0.15897435897435896
9 0.3821292775665399 0.7134615384615385 0.07224334600760456 0.16025641025641027
13 0.48193916349809884 0.7064102564102565 0.06273764258555133 0.16666666666666666
10 0.5817490494296578 0.7012820512820512 0.058935361216730035 0.1794871794871795
9 0.6715779467680608 0.7121794871794872 0.07889733840304182 0.14487179487179488
11 0.7704372623574145 0.7051282051282052 0.094106463878327 0.14871794871794872
14 0.8711977186311787 0.7096153846153846 0.10551330798479087 0.1371794871794872
12 0.20912547528517111 0.6051282051282051 0.07604562737642585 0.11538461538461539
12 0.30370722433460073 0.6083333333333333 0.06749049429657794 0.12179487179487179
12 0.3921102661596958 0.6051282051282051 0.05798479087452472 0.11538461538461539
12 0.48574144486692017 0.5852564102564103 0.053231939163498096 0.0782051282051282
12 0.5746197718631179 0.5814102564102565 0.05228136882129278 0.07564102564102564
12 0.6630228136882129 0.5948717948717949 0.06939163498098859 0.08974358974358974
12 0.7519011406844106 0.5820512820512821 0.06273764258555133 0.07692307692307693
12 0.845532319391635 0.5955128205128205 0.06368821292775666 0.09358974358974359