6 0.9252219581749049 0.8148147435897437 0.14152946768060837 0.814275 0.2154624524714829 0.5352352564102564 0.2027884980988593 0.4697461538461538 0.22179990494296575 0.438425641025641 0.2376425855513308 0.44269679487179486 0.2883398288973384 0.24765320512820513 0.26299096958174906 0.18501153846153845 0.28517110266159695 0.1622326923076923 0.32213783269961976 0.17504615384615385 0.3231939163498099 0.2134852564102564 0.3960708174904943 0.2163326923076923 0.4034643536121673 0.11667564102564103 0.4309253802281369 0.10243846153846153 0.5756230988593156 0.08393076923076923 0.5735109315589353 0.21063782051282054 0.7509505703422054 0.21206153846153844
12 0.7741872623574145 0.7088269230769231 0.09928231939163497 0.15641666666666665
9 0.574828897338403 0.49700000000000005 0.0829087452471483 0.16555128205128206
11 0.5840731939163498 0.7042051282051282 0.08027091254752851 0.1784871794871795
14 0.4905988593155894 0.6963717948717948 0.08977661596958174 0.1770576923076923
14 0.39448669201520914 0.7002884615384616 0.08555133079847908 0.1820448717948718
13 0.28886882129277563 0.6985064102564102 0.11301330798479088 0.17278846153846156
10 0.31157794676806083 0.5535961538461539 0.0929467680608365 0.12499358974358975
12 0.2376425855513308 0.504826923076923 0.06336977186311787 0.14989102564102566
3 0.626055133079848 0.30046794871794874 0.06284220532319391 0.13980128205128206
3 0.5703422053231939 0.3606346153846154 0.08238117870722433 0.10921794871794871
0 0.42670152091254754 0.34212820512820513 0.0718203422053232 0.154775641025641
5 0.3020722433460076 0.23353846153846153 0.07393536121673004 0.14546153846153845
4 0.4985218631178708 0.1730192307692308 0.054923954372623575 0.16393589743589745
1 0.5574049429657795 0.17159615384615384 0.05439163498098859 0.16678205128205129
2 0.4303992395437262 0.2128846153846154 0.06442965779467681 0.11839102564102565
2 0.4303992395437262 0.1373974358974359 0.06442965779467681 0.05568589743589744