10 0.2783365019011407 0.6533461538461539 0.09326996197718632 0.18660897435897436
13 0.404824144486692 0.3880448717948718 0.06106939163498099 0.16882692307692307
14 0.19881653992395437 0.5641923076923077 0.06730988593155894 0.15573076923076923
12 0.4775190114068441 0.48683333333333334 0.05911596958174905 0.12922435897435897
12 0.7552946768060836 0.3478846153846154 0.06334125475285171 0.12055769230769231
11 0.6869058935361216 0.32944230769230765 0.06517585551330798 0.14777564102564103
11 0.6339448669201521 0.46989102564102564 0.06541349809885931 0.16264743589743588
14 0.5529039923954372 0.4055961538461539 0.05541825095057034 0.13982051282051283
0 0.47317015209125474 0.6651666666666667 0.06705798479087452 0.16858333333333334
3 0.8401948669201521 0.6796346153846154 0.10006178707224335 0.14944230769230768
3 0.3615541825095057 0.2281474358974359 0.05532794676806083 0.11505128205128204
2 0.414467680608365 0.25043589743589745 0.042338403041825096 0.11155128205128206
2 0.27372623574144483 0.22580128205128205 0.04127376425855513 0.0751025641025641
1 0.28347433460076044 0.1541602564102564 0.044130228136882124 0.0696474358974359
5 0.2697813688212928 0.33175641025641023 0.07377851711026616 0.13958333333333334
4 0.4182461977186312 0.16035897435897437 0.04276615969581749 0.06921794871794872