12 0.23302756653992396 0.48799358974358975 0.07631178707224334 0.13153846153846152
12 0.3056844106463878 0.18321794871794872 0.04577946768060836 0.11173717948717948
10 0.35782794676806084 0.20598076923076922 0.05738593155893536 0.1726346153846154
11 0.5997671102661597 0.17755128205128207 0.05172053231939163 0.14847435897435898
13 0.4021910646387833 0.3912820512820513 0.06326045627376425 0.17208974358974358
9 0.4731131178707224 0.5634551282051282 0.06456749049429658 0.16707692307692307
8 0.7133127376425855 0.48675641025641025 0.08156368821292777 0.14508974358974358
0 0.4835313688212928 0.2183653846153846 0.04263307984790875 0.1563846153846154
4 0.721967680608365 0.16627564102564102 0.05689638783269962 0.1510320512820513
1 0.6252233840304182 0.3870384615384615 0.06461026615969581 0.17001923076923078
12 0.6800475285171103 0.29385897435897435 0.038802281368821294 0.1118653846153846
2 0.8050237642585552 0.48142948717948714 0.09387832699619772 0.16008333333333333
2 0.18081273764258554 0.6705128205128205 0.1025903041825095 0.17607051282051284
5 0.24065589353612166 0.3753141025641026 0.06067965779467681 0.09528846153846154