2 0.30275665399239543 0.1858974358974359 0.0655893536121673 0.14102564102564102
2 0.6701520912547528 0.16602564102564102 0.053231939163498096 0.08076923076923077
1 0.4833650190114068 0.2326923076923077 0.04657794676806084 0.06538461538461539
3 0.5484790874524715 0.2564102564102564 0.04752851711026616 0.10256410256410256
3 0.6211977186311787 0.375 0.05038022813688213 0.11153846153846154
3 0.6749049429657795 0.2621794871794872 0.045627376425855515 0.10384615384615385
4 0.4814638783269962 0.4198717948717949 0.05798479087452472 0.1576923076923077
5 0.7096007604562737 0.4358974358974359 0.07319391634980989 0.13333333333333333
0 0.8498098859315589 0.5871794871794872 0.07034220532319392 0.11794871794871795
9 0.41872623574144485 0.2923076923076923 0.05608365019011407 0.14615384615384616
10 0.4833650190114068 0.30448717948717946 0.04847908745247148 0.06282051282051282
12 0.34125475285171103 0.36923076923076925 0.06653992395437262 0.10512820512820513
12 0.3897338403041825 0.6160256410256411 0.0741444866920152 0.1371794871794872
12 0.4781368821292776 0.5884615384615385 0.057034220532319393 0.07692307692307693
12 0.5608365019011406 0.5275641025641026 0.06653992395437262 0.12692307692307692
12 0.6525665399239544 0.617948717948718 0.0655893536121673 0.13076923076923078
12 0.7376425855513308 0.6192307692307693 0.06273764258555133 0.12307692307692308
12 0.20532319391634982 0.5961538461538461 0.08365019011406843 0.09230769230769231
9 0.3122623574144487 0.5025641025641026 0.07319391634980989 0.14615384615384616
8 0.17300380228136883 0.7192307692307692 0.10646387832699619 0.15128205128205127
11 0.27661596958174905 0.7192307692307692 0.09315589353612168 0.14871794871794872
11 0.6478136882129277 0.4948717948717949 0.04657794676806084 0.1076923076923077
14 0.8654942965779467 0.7269230769230769 0.0979087452471483 0.1564102564102564
13 0.47861216730038025 0.7115384615384616 0.07319391634980989 0.16153846153846155