9 0.31856463878326996 0.5051282051282051 0.07154467680608365 0.1641025641025641
9 0.4205180608365019 0.2913205128205128 0.05681558935361217 0.15635897435897436
12 0.3461977186311787 0.37003846153846154 0.06027091254752852 0.11507051282051281
3 0.5509505703422053 0.2587820512820513 0.04677281368821293 0.11371794871794873
3 0.6750998098859315 0.2617307692307692 0.04078897338403042 0.11320512820512821
3 0.6243678707224335 0.37393589743589745 0.05338878326996198 0.11646794871794872
12 0.6548669201520912 0.6231410256410257 0.06953897338403042 0.13731410256410256
12 0.7414543726235742 0.6239807692307692 0.07844106463878327 0.13578205128205129
12 0.20531844106463878 0.5944423076923078 0.08030893536121674 0.08952564102564102
13 0.4805703422053232 0.7080128205128206 0.06760931558935361 0.16922435897435897
14 0.17775665399239543 0.7218141025641025 0.10599334600760456 0.15837179487179487
14 0.8773098859315589 0.7264615384615385 0.10063212927756654 0.14843589743589744
0 0.8403469581749049 0.5895641025641026 0.09109790874524715 0.12464102564102564
2 0.30500950570342206 0.18537820512820513 0.06344106463878327 0.1431923076923077
2 0.6750332699619772 0.164 0.05729087452471483 0.07800641025641025
4 0.48453897338403046 0.42258333333333337 0.054153992395437264 0.16889102564102565
5 0.7116825095057034 0.4383717948717949 0.06643060836501902 0.14597435897435898
11 0.28080798479087454 0.7200641025641026 0.10533745247148289 0.16298717948717947
11 0.6437024714828897 0.4990576923076923 0.0564115969581749 0.12482692307692307