12 0.31131178707224333 0.19038461538461537 0.03897338403041825 0.10128205128205128
12 0.41825095057034223 0.3641025641025641 0.049429657794676805 0.11025641025641025
3 0.5779467680608364 0.7205128205128205 0.053231939163498096 0.14102564102564102
3 0.6273764258555133 0.28910256410256413 0.04182509505703422 0.08076923076923077
2 0.3288973384030418 0.4185897435897436 0.07034220532319392 0.15512820512820513
2 0.4828897338403042 0.4185897435897436 0.057034220532319393 0.15
0 0.2352661596958175 0.49230769230769234 0.08650190114068441 0.16923076923076924
4 0.17775665399239543 0.6974358974358974 0.11406844106463879 0.17692307692307693
1 0.4876425855513308 0.26794871794871794 0.04182509505703422 0.15897435897435896
5 0.5608365019011406 0.358974358974359 0.043726235741444866 0.13846153846153847
11 0.3583650190114068 0.2782051282051282 0.053231939163498096 0.13846153846153847
14 0.4824144486692015 0.6038461538461538 0.05608365019011407 0.14871794871794872
14 0.7495247148288974 0.6012820512820513 0.0903041825095057 0.15384615384615385
10 0.6406844106463878 0.4128205128205128 0.0741444866920152 0.17435897435897435
13 0.7096007604562737 0.3057692307692308 0.05038022813688213 0.08846153846153847
9 0.7181558935361216 0.4173076923076923 0.07129277566539924 0.15256410256410258