2 0.4282319391634981 0.23141025641025642 0.04277566539923954 0.14487179487179488
2 0.5722433460076045 0.5012820512820513 0.04752851711026616 0.15128205128205127
12 0.4100712927756654 0.511198717948718 0.06008079847908745 0.12889102564102564
12 0.6373574144486692 0.433974358974359 0.06178707224334601 0.11923076923076924
14 0.21673003802281368 0.5884615384615385 0.08935361216730038 0.14102564102564102
11 0.19629277566539924 0.7051282051282052 0.10361216730038023 0.16923076923076924
14 0.4919201520912547 0.7044871794871795 0.05988593155893536 0.16025641025641027
7 0.5850760456273765 0.7 0.07889733840304182 0.1717948717948718
3 0.7305133079847909 0.5121794871794871 0.07509505703422054 0.12435897435897436
5 0.25950570342205326 0.4230769230769231 0.0817490494296578 0.14358974358974358
4 0.48954372623574144 0.28012820512820513 0.043726235741444866 0.16025641025641027
0 0.5613117870722434 0.34423076923076923 0.05608365019011407 0.16282051282051282
1 0.2961026615969582 0.2173076923076923 0.0655893536121673 0.18076923076923077
3 0.3754752851711027 0.21987179487179487 0.024714828897338403 0.06538461538461539
13 0.3583650190114068 0.27564102564102566 0.058935361216730035 0.17435897435897435
9 0.5565589353612167 0.21666666666666667 0.03897338403041825 0.14102564102564102