2 0.4149239543726236 0.4185897435897436 0.05608365019011407 0.15256410256410258
2 0.18868821292775664 0.7012820512820512 0.10551330798479087 0.15897435897435896
14 0.4866920152091255 0.42756410256410254 0.049429657794676805 0.1346153846153846
14 0.30846007604562736 0.1891025641025641 0.04847908745247148 0.12179487179487179
12 0.6327471482889734 0.4350897435897436 0.06150190114068441 0.12146153846153845
12 0.5724334600760457 0.6017948717948718 0.057419201520912545 0.12974358974358974
13 0.25332699619771865 0.4083333333333333 0.08079847908745247 0.17307692307692307
10 0.4866920152091255 0.2717948717948718 0.045627376425855515 0.17435897435897435
9 0.5584600760456274 0.3467948717948718 0.04847908745247148 0.15512820512820513
11 0.6164448669201521 0.23012820512820512 0.05228136882129278 0.13974358974358975
1 0.3612167300380228 0.22435897435897437 0.060836501901140684 0.16923076923076924
3 0.28564638783269963 0.2955128205128205 0.05418250950570342 0.1141025641025641
4 0.39448669201520914 0.5871794871794872 0.07604562737642585 0.17435897435897435
5 0.7376425855513308 0.5025641025641026 0.09315589353612168 0.14102564102564102
3 0.6692015209125475 0.7192307692307692 0.0741444866920152 0.13333333333333333
0 0.8374524714828897 0.5942307692307692 0.10456273764258556 0.16538461538461538