7 0.2028944866920152 0.5845384615384616 0.10160171102661597 0.1803974358974359
8 0.47738593155893533 0.706801282051282 0.07548954372623574 0.16851282051282052
8 0.39586026615969583 0.46485897435897433 0.05502376425855513 0.0724551282051282
12 0.4814115969581749 0.394525641025641 0.04076045627376426 0.04717307692307693
12 0.5625522813688213 0.6075192307692308 0.06284220532319391 0.1366153846153846
10 0.4124809885931559 0.3372371794871795 0.057371673003802276 0.17618589743589744
9 0.47972433460076047 0.4998141025641026 0.046596958174904946 0.15198076923076922
11 0.6078849809885931 0.22905128205128206 0.044192015209125475 0.13289102564102565
4 0.38836501901140685 0.5858461538461538 0.07092680608365018 0.17340384615384616
2 0.3281416349809886 0.4173397435897436 0.07168250950570342 0.15690384615384617
2 0.5651235741444867 0.47838461538461535 0.043840304182509504 0.11793589743589743
1 0.3473859315589353 0.2611025641025641 0.06025665399239544 0.15532692307692308
0 0.29934885931558936 0.16501923076923078 0.040014258555133075 0.13623076923076924
5 0.6234790874524715 0.35712820512820515 0.06349334600760456 0.1358397435897436
3 0.2788022813688213 0.291275641025641 0.04904942965779468 0.10028846153846153
3 0.2535456273764259 0.4277371794871795 0.06507604562737641 0.1264102564102564