2 0.18339828897338403 0.6662820512820513 0.1053944866920152 0.16910897435897437
2 0.6621435361216731 0.17540384615384616 0.060033269961977186 0.14567948717948717
5 0.25004752851711026 0.4002307692307692 0.07947243346007606 0.1434102564102564
0 0.4790019011406844 0.4010641025641025 0.05971007604562738 0.16751923076923075
4 0.7175522813688213 0.4741666666666667 0.0796958174904943 0.16217307692307692
12 0.4215209125475285 0.2346794871794872 0.046943916349809885 0.11359615384615385
12 0.5443393536121672 0.22832051282051283 0.05018060836501901 0.12971794871794873
12 0.3987690114068441 0.49117307692307693 0.06084600760456274 0.12978205128205128
12 0.4721768060836502 0.6812435897435898 0.06744771863117871 0.14133333333333334
12 0.7163830798479087 0.18723076923076923 0.04730513307984791 0.11805128205128206
12 0.6877328897338403 0.3254935897435897 0.06605038022813688 0.13175641025641024