3 0.37280893536121673 0.21423717948717946 0.025565589353612167 0.05026923076923077
5 0.22207699619771862 0.5958461538461538 0.09719106463878327 0.15964102564102564
5 0.48894961977186313 0.7026410256410256 0.07009980988593156 0.1584871794871795
7 0.5848384030418251 0.700724358974359 0.07652566539923954 0.17769871794871794
10 0.3581986692015209 0.2759615384615385 0.04567965779467681 0.16682051282051283
12 0.41331749049429656 0.5124230769230769 0.05904942965779467 0.13060897435897437
12 0.6392347908745247 0.43346794871794875 0.05935836501901141 0.12333974358974359
11 0.7786882129277566 0.7029551282051282 0.10775665399239544 0.16873076923076924
9 0.5552661596958175 0.20812179487179489 0.03875950570342205 0.11496153846153846
2 0.4298716730038023 0.23159615384615387 0.044634030418250946 0.14908974358974358
1 0.3347671102661597 0.40625641025641024 0.06592205323193916 0.18110897435897433
5 0.25956749049429656 0.41964743589743586 0.07711977186311787 0.14378846153846153
3 0.7330798479087453 0.5126858974358974 0.0688212927756654 0.1279423076923077
4 0.49246197718631185 0.27828846153846154 0.04386406844106464 0.15592948717948718
0 0.5620104562737642 0.3474038461538462 0.05700570342205323 0.15955128205128205
0 0.571416349809886 0.5033846153846153 0.06393536121673005 0.15420512820512822