2 0.30655893536121676 0.18846153846153846 0.05988593155893536 0.14615384615384616
2 0.6706273764258555 0.16346153846153846 0.05988593155893536 0.0858974358974359
3 0.5503802281368821 0.26153846153846155 0.045627376425855515 0.12307692307692308
3 0.6806083650190115 0.2641025641025641 0.04182509505703422 0.11025641025641025
3 0.6245247148288974 0.3769230769230769 0.055133079847908745 0.11282051282051282
5 0.7138783269961977 0.43846153846153846 0.0741444866920152 0.14358974358974358
4 0.4833650190114068 0.3801282051282051 0.05038022813688213 0.09615384615384616
0 0.4847908745247148 0.5096153846153846 0.053231939163498096 0.16025641025641027
12 0.7419201520912547 0.6224358974358974 0.08269961977186312 0.13205128205128205
12 0.34695817490494296 0.37435897435897436 0.06273764258555133 0.14102564102564102
12 0.20912547528517111 0.6006410256410256 0.0741444866920152 0.09615384615384616
14 0.18155893536121673 0.725 0.10836501901140684 0.1576923076923077
11 0.27899239543726234 0.7230769230769231 0.08650190114068441 0.15128205128205127
13 0.4824144486692015 0.7102564102564103 0.06939163498098859 0.17435897435897435
14 0.8740494296577946 0.7288461538461538 0.1188212927756654 0.17051282051282052