3 0.31131178707224333 0.17435897435897435 0.05418250950570342 0.14615384615384616
1 0.48811787072243346 0.17435897435897435 0.03897338403041825 0.16666666666666666
2 0.26901140684410646 0.3435897435897436 0.060836501901140684 0.15897435897435896
2 0.5546577946768061 0.35192307692307695 0.05038022813688213 0.1423076923076923
3 0.6768060836501901 0.25576923076923075 0.051330798479087454 0.1141025641025641
3 0.33935361216730037 0.35833333333333334 0.039923954372623575 0.11153846153846154
5 0.7870722433460076 0.433974358974359 0.08935361216730038 0.13974358974358975
4 0.17395437262357413 0.6935897435897436 0.12167300380228137 0.1717948717948718
12 0.42585551330798477 0.2512820512820513 0.051330798479087454 0.11794871794871795
12 0.3179657794676806 0.5089743589743589 0.07129277566539924 0.13333333333333333
13 0.6202471482889734 0.2833333333333333 0.04657794676806084 0.16153846153846155
10 0.4833650190114068 0.41217948717948716 0.05418250950570342 0.18333333333333332
9 0.6335551330798479 0.41923076923076924 0.06178707224334601 0.14871794871794872
11 0.47718631178707227 0.5974358974358974 0.060836501901140684 0.15897435897435896
14 0.6725285171102662 0.7083333333333334 0.08079847908745247 0.15512820512820513
14 0.8360266159695817 0.6057692307692307 0.094106463878327 0.15512820512820513