9 0.3801283269961977 0.7158461538461539 0.08239543726235742 0.16414743589743588
10 0.5756844106463879 0.7092628205128205 0.0773906844106464 0.1802820512820513
12 0.5605465779467681 0.5242115384615385 0.05856463878326996 0.12792307692307692
12 0.33202946768060837 0.4399166666666667 0.06189163498098859 0.12742948717948718
12 0.7417015209125475 0.6187115384615385 0.07489068441064639 0.12817307692307692
14 0.1770009505703422 0.7198012820512821 0.10504277566539924 0.1601923076923077
3 0.610351711026616 0.25716666666666665 0.04903992395437263 0.11310897435897435
11 0.2790541825095057 0.7178205128205128 0.09600760456273764 0.15912179487179487
4 0.4824239543726236 0.4188397435897436 0.05398764258555133 0.1663653846153846
12 0.829101711026616 0.6220064102564102 0.09087927756653993 0.1334423076923077
5 0.7104515209125475 0.4369487179487179 0.07019011406844107 0.1389551282051282
3 0.5483412547528518 0.2586474358974359 0.045194866920152094 0.1112948717948718
3 0.6738260456273765 0.25716666666666665 0.052519011406844104 0.11112820512820513
7 0.4790019011406844 0.7026794871794872 0.07019011406844107 0.16751923076923075
2 0.3042015209125475 0.18406410256410255 0.06152566539923954 0.14644871794871794
1 0.5503802281368821 0.15128205128205127 0.03612167300380228 0.10256410256410256
0 0.6112167300380228 0.15512820512820513 0.034220532319391636 0.08205128205128205
2 0.6753802281368821 0.16346153846153846 0.05228136882129278 0.07307692307692308
12 0.20009505703422054 0.5942307692307692 0.06939163498098859 0.08846153846153847
12 0.3902091254752852 0.5916666666666667 0.05608365019011407 0.08076923076923077
12 0.48098859315589354 0.5846153846153846 0.051330798479087454 0.05897435897435897
12 0.6630228136882129 0.5980769230769231 0.05038022813688213 0.0858974358974359
11 0.6478136882129277 0.4948717948717949 0.05228136882129278 0.11025641025641025
9 0.6829847908745247 0.7153846153846154 0.05228136882129278 0.1358974358974359
8 0.8664448669201521 0.7256410256410256 0.1188212927756654 0.15897435897435896