12 0.2889733840304182 0.29743589743589743 0.055133079847908745 0.12051282051282051
12 0.5636882129277566 0.325 0.03802281368821293 0.03205128205128205
5 0.25427756653992395 0.4198717948717949 0.07129277566539924 0.1423076923076923
3 0.3583650190114068 0.30448717948717946 0.049429657794676805 0.11923076923076924
1 0.4230038022813688 0.21025641025641026 0.04182509505703422 0.13846153846153847
2 0.4134980988593156 0.3487179487179487 0.045627376425855515 0.14102564102564102
4 0.17680608365019013 0.698076923076923 0.11787072243346007 0.16794871794871793
2 0.37975285171102663 0.7064102564102565 0.06749049429657794 0.14871794871794872
3 0.5779467680608364 0.7141025641025641 0.055133079847908745 0.13076923076923078
0 0.5708174904942965 0.5865384615384616 0.04657794676806084 0.1371794871794872
14 0.3902091254752852 0.5756410256410256 0.06368821292775666 0.11282051282051282
14 0.5565589353612167 0.1987179487179487 0.03897338403041825 0.035897435897435895
11 0.5537072243346007 0.14807692307692308 0.0408745247148289 0.06794871794871794
13 0.5598859315589354 0.2621794871794872 0.03612167300380228 0.08333333333333333
9 0.5679657794676806 0.3782051282051282 0.04277566539923954 0.0641025641025641
10 0.5712927756653993 0.4544871794871795 0.051330798479087454 0.08846153846153847