14 0.6379372623574144 0.48275641025641025 0.08027091254752851 0.14275641025641025
9 0.4821482889733841 0.47421153846153846 0.07499049429657795 0.16838461538461538
10 0.39765684410646385 0.4699423076923077 0.0792157794676806 0.19401282051282054
1 0.7139828897338403 0.3916153846153846 0.06759505703422053 0.17973076923076922
4 0.636615969581749 0.36276923076923073 0.05439163498098859 0.09640384615384615
3 0.5568773764258556 0.4175961538461539 0.06178707224334601 0.12349358974358975
5 0.47818916349809887 0.36739102564102566 0.06706749049429658 0.05724358974358974
0 0.42141967680608367 0.4729346153846154 0.44359933460076045 0.4498147435897436 0.42141967680608367 0.39713910256410256 0.4235318441064639 0.34161602564102567 0.4002956273764258 0.3074474358974359 0.3728350760456274 0.3643942307692308 0.4129700570342205 0.3942916666666667
12 0.42775665399239543 0.34686602564102564 0.3886777566539924 0.3131423076923077 0.39923954372623577 0.2832448717948718 0.4383184410646388 0.3003294871794872
14 0.41508079847908746 0.2531089743589744 0.05069866920152091 0.07640384615384616
3 0.4813593155893536 0.25844871794871793 0.048056083650190116 0.06144871794871795
12 0.4821482889733841 0.3129166666666667 0.05597908745247148 0.05080128205128205
2 0.5529134980988593 0.3068717948717949 0.06020437262357414 0.09280769230769231
2 0.5560836501901141 0.23208333333333334 0.0792157794676806 0.0653076923076923
13 0.6321292775665399 0.27838461538461534 0.05386406844106464 0.07285897435897436
11 0.6701520912547528 0.40242179487179486 0.7467257604562738 0.28039743589743593 0.6928602661596959 0.251924358974359 0.6664553231939163 0.36297115384615386
6 0.894592205323194 0.7829544871794872 0.7382761406844107 0.19924807692307692 0.28728374524714834 0.18785897435897436 0.13202376425855514 0.787225641025641