2 0.3041825095057034 0.18298717948717946 0.07604562737642585 0.15255128205128204
3 0.5502756653992396 0.2584551282051282 0.059144486692015205 0.1212628205128205
3 0.6754325095057033 0.2602371794871795 0.05597908745247148 0.11342948717948717
2 0.6725285171102662 0.18796794871794872 0.07446292775665399 0.14258333333333334
9 0.4171958174904943 0.29085897435897434 0.0718203422053232 0.1632948717948718
12 0.3414115969581749 0.3688205128205128 0.06812262357414449 0.12275000000000001
4 0.4847908745247148 0.4218782051282051 0.06336977186311787 0.17476282051282052
3 0.6255275665399239 0.37523076923076926 0.057561787072243346 0.127025641025641
9 0.3168583650190114 0.5062564102564102 0.08238117870722433 0.17267307692307693
14 0.17532794676806082 0.7184423076923077 0.12462927756653994 0.1671025641025641
11 0.27936311787072243 0.7195128205128205 0.10667300380228137 0.16923717948717948
13 0.47951045627376426 0.7123910256410256 0.08027091254752851 0.183474358974359
12 0.3915826996197719 0.611275641025641 0.08185361216730037 0.13784615384615384
12 0.5624192015209125 0.525474358974359 0.06653992395437262 0.1256923076923077
12 0.6566872623574145 0.6187564102564103 0.07129277566539924 0.14425641025641026
12 0.741972433460076 0.6191089743589743 0.08766159695817491 0.13927564102564102
14 0.8679230038022813 0.7227179487179487 0.12410171102661598 0.1671025641025641
0 0.8386121673003802 0.6012628205128205 0.10561787072243346 0.16691666666666666
5 0.7134553231939164 0.4371858974358974 0.06865019011406844 0.1484230769230769
12 0.21255703422053232 0.6137692307692307 0.09135931558935362 0.13713461538461538
12 0.47951045627376426 0.6045128205128205 0.07393536121673004 0.12146794871794872
6 0.09980988593155894 0.8233615384615385 0.2672157794676806 0.10243846153846153 0.315800855513308 0.10670961538461539 0.3390365969581749 0.20636666666666667 0.6368821292775665 0.20494294871794871 0.6453317490494297 0.11240448717948717 0.7002533269961978 0.11809871794871796 0.7087029467680609 0.21206153846153844 0.7541192965779467 0.21775641025641024 0.8407267110266159 0.5124564102564103 0.9062105513307984 0.5252698717948718 0.9378959125475286 0.7032288461538462 0.9083227186311787 0.7502096153846154 0.9188845057034221 0.8356301282051283