2 0.29529942965779465 0.22878846153846155 0.03927281368821293 0.07296153846153845
2 0.4354325095057034 0.25583333333333336 0.03673954372623574 0.11101923076923077
1 0.30008555133079845 0.15730769230769232 0.044087452471482894 0.07423076923076923
4 0.4339543726235741 0.16439743589743588 0.04029942965779468 0.06486538461538462
5 0.28756178707224334 0.33541666666666664 0.06894961977186312 0.14198076923076924
0 0.49657794676806083 0.6693397435897437 0.06276140684410647 0.16240384615384615
3 0.8671577946768061 0.6902051282051282 0.09768536121673004 0.14323717948717948
3 0.37818441064638786 0.2326025641025641 0.048193916349809886 0.11264102564102564
10 0.30368821292775666 0.662076923076923 0.08693916349809885 0.18953846153846154
14 0.22355513307984792 0.5700000000000001 0.06925380228136882 0.15282051282051282
14 0.5729610266159696 0.40747435897435896 0.055147338403041826 0.13866666666666666
12 0.7740731939163499 0.3515384615384615 0.05812262357414449 0.1261602564102564
12 0.4997623574144487 0.49017948717948717 0.05608365019011407 0.1277948717948718
13 0.42509980988593155 0.3959871794871795 0.05884980988593155 0.16698076923076924
9 0.6552186311787072 0.4764871794871795 0.06519011406844107 0.1613076923076923
11 0.7039781368821293 0.3299230769230769 0.05338878326996198 0.14373076923076922