12 0.42538022813688214 0.3019230769230769 0.04277566539923954 0.11153846153846154
12 0.5551330798479087 0.3608974358974359 0.04752851711026616 0.09615384615384616
2 0.28754752851711024 0.2814102564102564 0.05798479087452472 0.1423076923076923
2 0.3293726235741445 0.4185897435897436 0.06939163498098859 0.1423076923076923
4 0.23193916349809887 0.48717948717948717 0.08555133079847908 0.16923076923076924
3 0.4847908745247148 0.6076923076923076 0.057034220532319393 0.13333333333333333
3 0.6083650190114068 0.20384615384615384 0.045627376425855515 0.11282051282051282
0 0.310361216730038 0.1737179487179487 0.05038022813688213 0.1423076923076923
1 0.49049429657794674 0.1544871794871795 0.030418250950570342 0.12692307692307692
11 0.4866920152091255 0.2878205128205128 0.03802281368821293 0.13974358974358975
13 0.7618821292775665 0.2814102564102564 0.07319391634980989 0.16282051282051282
10 0.5684410646387833 0.4948717948717949 0.058935361216730035 0.17692307692307693
9 0.7314638783269962 0.4967948717948718 0.06368821292775666 0.15512820512820513
14 0.6568441064638784 0.6044871794871794 0.07034220532319392 0.15
14 0.27756653992395436 0.7038461538461539 0.09885931558935361 0.15384615384615385
5 0.629277566539924 0.36217948717948717 0.06273764258555133 0.13205128205128205