2 0.3051330798479088 0.1858974358974359 0.060836501901140684 0.14102564102564102
2 0.6715779467680608 0.16474358974358974 0.05608365019011407 0.08333333333333333
3 0.5503802281368821 0.2602564102564103 0.043726235741444866 0.11282051282051282
3 0.6725285171102662 0.26153846153846155 0.05608365019011407 0.1076923076923077
3 0.6230988593155894 0.3762820512820513 0.05228136882129278 0.11666666666666667
4 0.4824144486692015 0.4217948717948718 0.04847908745247148 0.1641025641025641
0 0.8407794676806084 0.6006410256410256 0.09600760456273764 0.1576923076923077
5 0.714828897338403 0.441025641025641 0.06653992395437262 0.14615384615384616
9 0.7519011406844106 0.29615384615384616 0.07604562737642585 0.15128205128205127
9 0.3127376425855513 0.5083333333333333 0.06273764258555133 0.17564102564102563
12 0.20532319391634982 0.6076923076923076 0.07034220532319392 0.11025641025641025
12 0.3450570342205323 0.3698717948717949 0.055133079847908745 0.12179487179487179
12 0.655893536121673 0.6217948717948718 0.07984790874524715 0.1358974358974359
12 0.7438212927756654 0.6243589743589744 0.08269961977186312 0.1282051282051282
13 0.4790874524714829 0.717948717948718 0.07034220532319392 0.1794871794871795
11 0.28754752851711024 0.7243589743589743 0.08079847908745247 0.16153846153846155
14 0.8730988593155894 0.7237179487179487 0.10551330798479087 0.14487179487179488
14 0.17633079847908745 0.7211538461538461 0.10171102661596958 0.15
11 0.6478136882129277 0.49615384615384617 0.05798479087452472 0.11282051282051282