12 0.314638783269962 0.1967948717948718 0.055133079847908745 0.10897435897435898
12 0.48859315589353614 0.4371794871794872 0.051330798479087454 0.12051282051282051
11 0.2685361216730038 0.3435897435897436 0.08079847908745247 0.15897435897435896
14 0.41634980988593157 0.3544871794871795 0.060836501901140684 0.1346153846153846
14 0.7480988593155894 0.6019230769230769 0.0779467680608365 0.1423076923076923
10 0.651615969581749 0.49230769230769234 0.07699619771863118 0.16923076923076924
13 0.7595057034220533 0.28525641025641024 0.07224334600760456 0.16538461538461538
9 0.8212927756653993 0.4987179487179487 0.06844106463878327 0.15384615384615385
0 0.22576045627376426 0.4935897435897436 0.06368821292775666 0.15897435897435896
2 0.2994296577946768 0.5916666666666667 0.07984790874524715 0.15256410256410258
2 0.48098859315589354 0.5955128205128205 0.06653992395437262 0.15512820512820513
3 0.5741444866920152 0.7134615384615385 0.051330798479087454 0.13205128205128205
3 0.6083650190114068 0.20512820512820512 0.04752851711026616 0.10512820512820513
5 0.6302281368821293 0.3557692307692308 0.055133079847908745 0.12435897435897436
4 0.17395437262357413 0.6955128205128205 0.12547528517110265 0.17564102564102563
1 0.49049429657794674 0.1717948717948718 0.045627376425855515 0.16153846153846155