4 0.5589020912547529 0.16398717948717947 0.046036121673003805 0.15169230769230768
11 0.6851330798479087 0.21974358974358976 0.06593631178707224 0.14292948717948717
3 0.3773574144486692 0.23121153846153847 0.05129277566539924 0.11306410256410256
5 0.2665826996197719 0.4018525641025641 0.06500950570342205 0.1434551282051282
2 0.4313783269961977 0.24573076923076922 0.04051330798479087 0.09082051282051283
2 0.7224144486692016 0.3996153846153846 0.06670627376425856 0.1453846153846154
12 0.7122338403041825 0.30912179487179486 0.04613593155893536 0.04773076923076923
12 0.4301568441064639 0.3465576923076923 0.047576045627376426 0.10977564102564102
14 0.2981891634980989 0.270974358974359 0.05930608365019011 0.12528846153846154
14 0.3383127376425855 0.4784807692307692 0.07063212927756654 0.1428525641025641
9 0.4966682509505703 0.47099358974358974 0.05702471482889734 0.16313461538461538
13 0.5769153992395437 0.47291666666666665 0.06067490494296578 0.17660897435897435
10 0.30133079847908745 0.6554807692307693 0.094106463878327 0.17955128205128207
0 0.4221482889733841 0.4740384615384615 0.06008079847908745 0.1596153846153846
1 0.570180608365019 0.31287179487179484 0.04958650190114068 0.14497435897435898
3 0.7492965779467681 0.5815384615384616 0.07986692015209125 0.13743589743589743