2 0.3025190114068441 0.1827884615384615 0.060836501901140684 0.13737179487179488
4 0.4837214828897338 0.41762820512820514 0.0501425855513308 0.16794871794871793
3 0.5477661596958175 0.2616538461538462 0.04752851711026616 0.11560897435897435
3 0.6071768060836502 0.25619871794871796 0.04277566539923954 0.11112179487179487
3 0.6713403041825095 0.2595705128205128 0.04752851711026616 0.1146474358974359
5 0.7224334600760456 0.19935897435897437 0.051330798479087454 0.1294871794871795
1 0.5484790874524715 0.14935897435897436 0.03612167300380228 0.1064102564102564
0 0.6088403041825095 0.15576923076923077 0.03326996197718631 0.08076923076923077
2 0.6725285171102662 0.15833333333333333 0.04657794676806084 0.08076923076923077
8 0.18108365019011408 0.7185897435897436 0.10171102661596958 0.16025641025641027
11 0.2818441064638783 0.7166666666666667 0.09600760456273764 0.15128205128205127
9 0.3849809885931559 0.7141025641025641 0.07984790874524715 0.16666666666666666
13 0.4828897338403042 0.7025641025641025 0.06844106463878327 0.1717948717948718
10 0.5784220532319392 0.7006410256410256 0.07509505703422054 0.18333333333333332
9 0.68393536121673 0.7141025641025641 0.05798479087452472 0.16153846153846155
11 0.7832699619771863 0.7121794871794872 0.06463878326996197 0.17051282051282052
14 0.8878326996197718 0.708974358974359 0.07224334600760456 0.1564102564102564
12 0.20389733840304183 0.5891025641025641 0.0655893536121673 0.08846153846153847
12 0.30085551330798477 0.5923076923076923 0.06749049429657794 0.08974358974358974
12 0.3911596958174905 0.583974358974359 0.05418250950570342 0.08076923076923077
12 0.4843155893536122 0.5814102564102565 0.05608365019011407 0.06794871794871794
12 0.5736692015209125 0.5756410256410256 0.05418250950570342 0.0641025641025641
12 0.6644486692015209 0.5897435897435898 0.055133079847908745 0.08461538461538462
12 0.7495247148288974 0.5878205128205128 0.05038022813688213 0.07307692307692308
12 0.845532319391635 0.5871794871794872 0.05608365019011407 0.07948717948717948