2 0.30798479087452474 0.16153846153846155 0.057034220532319393 0.10256410256410256
2 0.29990494296577946 0.592948717948718 0.09220532319391635 0.15512820512820513
11 0.2804182509505703 0.2814102564102564 0.07224334600760456 0.13974358974358975
1 0.48954372623574144 0.14487179487179488 0.03231939163498099 0.10512820512820513
12 0.48716730038022815 0.23333333333333334 0.0370722433460076 0.06923076923076923
12 0.3341254752851711 0.43141025641025643 0.06749049429657794 0.12179487179487179
3 0.6102661596958175 0.1935897435897436 0.034220532319391636 0.08461538461538462
5 0.6183460076045627 0.2980769230769231 0.05038022813688213 0.12435897435897436
0 0.4876425855513308 0.3487179487179487 0.057034220532319393 0.14871794871794872
4 0.17490494296577946 0.7006410256410256 0.12167300380228137 0.18333333333333332
3 0.5712927756653993 0.7147435897435898 0.06653992395437262 0.14487179487179488
8 0.7628326996197718 0.716025641025641 0.09980988593155894 0.14487179487179488
14 0.25285171102661597 0.42243589743589743 0.0817490494296578 0.1346153846153846
10 0.5670152091254753 0.49230769230769234 0.05418250950570342 0.1717948717948718
9 0.8084600760456274 0.5006410256410256 0.08650190114068441 0.16025641025641027
13 0.7552471482889733 0.28248076923076926 0.07902091254752851 0.16700641025641025