4 0.8552471482889734 0.6654038461538462 0.12410171102661598 0.20053846153846153
0 0.4707984790874524 0.6696666666666667 0.08185361216730037 0.17490384615384616
2 0.18615494296577947 0.6650448717948718 0.11248574144486691 0.18842948717948718
14 0.7174144486692016 0.487025641025641 0.0829087452471483 0.14275641025641025
10 0.6289591254752851 0.38663461538461535 0.0728754752851711 0.19823717948717948
13 0.40425855513307984 0.3909038461538461 0.0755180608365019 0.17260897435897435
12 0.23711501901140683 0.48916025641025646 0.08344106463878327 0.13848717948717948
5 0.25665399239543724 0.4729346153846154 0.20384458174904943 0.3587 0.22496815589353614 0.32453141025641025 0.26299096958174906 0.3288025641025641 0.29890161596958176 0.4284596153846154 0.29256463878327 0.46547499999999997
3 0.6804515209125476 0.286224358974359 0.04911121673003802 0.12555128205128205
9 0.3448479087452471 0.2588205128205128 0.05175380228136882 0.159
11 0.5476330798479088 0.21502564102564103 0.06442965779467681 0.1482948717948718
2 0.6638165399239544 0.16767307692307692 0.06020437262357414 0.12762179487179487
12 0.303388783269962 0.18298076923076922 0.0459458174904943 0.10982692307692309
6 0.8977609315589353 0.7943435897435897 0.12568678707224334 0.7815307692307693 0.14786644486692016 0.708923717948718 0.11934933460076046 0.6163846153846153 0.16159695817490494 0.5779455128205129 0.208069391634981 0.3231076923076923 0.24609220532319392 0.31456602564102565 0.27566539923954375 0.20494294871794871 0.27038450570342204 0.1280647435897436 0.30840731939163496 0.12094615384615384 0.331643536121673 0.13375961538461537 0.33269961977186313 0.1764698717948718 0.3907899239543726 0.19497756410256412 0.39818346007604566 0.17504615384615385 0.42141967680608367 0.17077499999999998 0.4362062737642586 0.19640128205128207 0.5101392585551331 0.20067179487179487 0.5228136882129277 0.15796217948717947 0.5618925855513308 0.13945384615384615 0.5851288022813689 0.19640128205128207 0.6305451520912547 0.19640128205128207 0.6273764258555133 0.1280647435897436 0.6801858365019012 0.0953205128205128 0.7087029467680609 0.12236987179487178 0.6939163498098859 0.19640128205128207 0.7541192965779467 0.20494294871794871 0.8449515209125475 0.5807929487179487 0.903041825095057 0.5793692307692307 0.9252219581749049 0.6249269230769231 0.8914239543726236 0.6889923076923077