12 0.28279467680608367 0.27307692307692305 0.0408745247148289 0.05897435897435897
12 0.6288022813688213 0.32756410256410257 0.0408745247148289 0.04487179487179487
14 0.310361216730038 0.18461538461538463 0.05418250950570342 0.12307692307692308
14 0.48574144486692017 0.5032051282051282 0.055133079847908745 0.1423076923076923
13 0.2305133079847909 0.4878205128205128 0.0903041825095057 0.17307692307692307
10 0.5750950570342205 0.5833333333333334 0.055133079847908745 0.17435897435897435
9 0.7276615969581749 0.5019230769230769 0.07699619771863118 0.1576923076923077
11 0.6154942965779467 0.23333333333333334 0.04277566539923954 0.13333333333333333
0 0.6392585551330798 0.41923076923076924 0.05608365019011407 0.14871794871794872
2 0.186787072243346 0.7064102564102565 0.10741444866920152 0.15897435897435896
4 0.3921102661596958 0.5852564102564103 0.06939163498098859 0.16538461538461538
3 0.27566539923954375 0.3608974358974359 0.06273764258555133 0.11153846153846154
2 0.41112167300380226 0.4217948717948718 0.03326996197718631 0.14358974358974358
5 0.4139733840304182 0.31666666666666665 0.0408745247148289 0.05897435897435897
1 0.4234790874524715 0.21346153846153845 0.04847908745247148 0.15256410256410258
3 0.7675855513307985 0.7173076923076923 0.08650190114068441 0.1346153846153846