13 0.7559695817490494 0.6600576923076923 0.10086501901140685 0.18130769230769228
11 0.6875807984790875 0.32966666666666666 0.06971007604562737 0.15833333333333333
9 0.644805133079848 0.5561025641025641 0.08555133079847908 0.19264102564102564
14 0.47370247148288974 0.6703782051282051 0.08555133079847908 0.15639102564102564
12 0.47555133079847905 0.5400641025641025 0.07868821292775666 0.10077564102564103
14 0.39052756653992393 0.5621474358974359 0.07762832699619772 0.1506346153846154
10 0.3142157794676806 0.45285256410256414 0.08132604562737643 0.16837179487179488
3 0.4134980988593156 0.3396282051282052 0.05386406844106464 0.12130769230769231
0 0.3612167300380228 0.40028461538461535 0.3770594106463878 0.3757839743589743 0.35487975285171103 0.3231076923076923 0.35593583650190114 0.29178717948717947 0.34748621673003804 0.2618897435897436 0.3274187262357415 0.24053461538461537 0.3073512357414449 0.2633134615384615 0.31263212927756656 0.3003294871794872 0.315800855513308 0.36581794871794876
12 0.35963260456273766 0.28917371794871793 0.32847480988593153 0.251924358974359 0.3305874524714829 0.22345064102564105 0.3654415399239544 0.23626410256410257 0.3728350760456274 0.27897435897435896
5 0.26061311787072244 0.3111153846153846 0.05861692015209125 0.10371153846153845
2 0.4224762357414449 0.23388461538461539 0.0718203422053232 0.08066025641025641
4 0.42405893536121675 0.15164102564102563 0.05597908745247148 0.06993589743589743
3 0.35910646387832695 0.19970512820512823 0.054923954372623575 0.06355128205128205
2 0.2777756653992396 0.22712179487179487 0.05280893536121673 0.08137179487179487
1 0.28437737642585553 0.15021794871794872 0.06178707224334601 0.08132692307692307
6 0.8840304182509505 0.7784897435897435 0.13202376425855514 0.7701416666666667 0.24503612167300381 0.3587 0.231305608365019 0.28751602564102563 0.24820437262357414 0.25761923076923077 0.26193488593155895 0.10813333333333333 0.3147442965779468 0.1280647435897436 0.3168569391634981 0.18216410256410256 0.35804800380228136 0.17077499999999998 0.3960708174904943 0.1921301282051282 0.3897338403041825 0.13660705128205128 0.41825095057034223 0.1195224358974359 0.4457119771863118 0.13518333333333332 0.4467680608365019 0.19497756410256412 0.7414448669201521 0.19640128205128207