2 0.30275665399239543 0.18525641025641026 0.05608365019011407 0.14487179487179488
2 0.6720532319391636 0.1608974358974359 0.051330798479087454 0.0858974358974359
1 0.5489543726235742 0.14807692307692308 0.03517110266159696 0.1064102564102564
0 0.6112167300380228 0.1544871794871795 0.034220532319391636 0.08333333333333333
3 0.5494296577946768 0.25961538461538464 0.039923954372623575 0.1141025641025641
3 0.6083650190114068 0.257051282051282 0.043726235741444866 0.1064102564102564
3 0.6720532319391636 0.257051282051282 0.045627376425855515 0.10128205128205128
4 0.4862167300380228 0.41794871794871796 0.04657794676806084 0.1641025641025641
5 0.7685361216730038 0.3647435897435897 0.07319391634980989 0.1346153846153846
12 0.3350760456273764 0.43974358974358974 0.06368821292775666 0.12051282051282051
12 0.2067490494296578 0.5987179487179487 0.06939163498098859 0.10512820512820513
12 0.39306083650190116 0.5884615384615385 0.06939163498098859 0.08974358974358974
12 0.4847908745247148 0.5794871794871795 0.057034220532319393 0.08717948717948718
12 0.5741444866920152 0.5782051282051283 0.057034220532319393 0.05897435897435897
12 0.6615969581749049 0.592948717948718 0.058935361216730035 0.0858974358974359
12 0.7466730038022814 0.5967948717948718 0.06749049429657794 0.09358974358974359
12 0.8350760456273765 0.6051282051282051 0.07699619771863118 0.10512820512820513
11 0.282319391634981 0.7128205128205128 0.09695817490494296 0.14615384615384616
11 0.6482889733840305 0.49230769230769234 0.060836501901140684 0.11794871794871795
9 0.38450570342205326 0.7153846153846154 0.08269961977186312 0.15897435897435896
13 0.5831749049429658 0.6987179487179487 0.0655893536121673 0.16923076923076924
9 0.6749049429657795 0.7134615384615385 0.07034220532319392 0.15256410256410258
14 0.18013307984790874 0.7147435897435898 0.0979087452471483 0.15512820512820513
13 0.4847908745247148 0.7064102564102565 0.06653992395437262 0.16666666666666666
14 0.8716730038022814 0.717948717948718 0.11406844106463879 0.15897435897435896