11 0.6130228136882129 0.23450641025641025 0.05208174904942966 0.14700641025641026
8 0.40882129277566537 0.4252948717948718 0.05717680608365019 0.14396153846153847
8 0.4788830798479088 0.70575 0.06858365019011407 0.16641666666666668
7 0.20597908745247148 0.5870192307692308 0.10539923954372624 0.18857051282051282
12 0.566777566539924 0.6082884615384615 0.05940589353612167 0.1349551282051282
12 0.5586882129277566 0.32999999999999996 0.04085551330798479 0.052737179487179486
10 0.41103136882129276 0.29866025641025645 0.04496673003802281 0.1054423076923077
10 0.5673811787072244 0.4795128205128205 0.05240969581749049 0.12617948717948718
5 0.5638117870722433 0.38699358974358977 0.05110266159695817 0.05774358974358974
2 0.7252614068441064 0.5050448717948718 0.07148764258555133 0.15629487179487178
2 0.7705133079847909 0.7055128205128205 0.09377851711026616 0.16273076923076923
3 0.288388783269962 0.2984423076923077 0.05870722433460076 0.11461538461538462
3 0.2583412547528517 0.42917307692307693 0.06753326996197719 0.12928846153846155
4 0.39042775665399243 0.585974358974359 0.07029942965779468 0.17044871794871794
0 0.3012167300380228 0.17121794871794874 0.0429467680608365 0.13926282051282052
1 0.35324144486692016 0.2722564102564103 0.06008555133079848 0.1776346153846154