2 0.3051330798479088 0.18782051282051282 0.06463878326996197 0.14487179487179488
2 0.6744296577946768 0.1641025641025641 0.05608365019011407 0.08205128205128205
11 0.4866920152091255 0.18269230769230768 0.04752851711026616 0.12692307692307692
8 0.4852661596958175 0.29294871794871796 0.05038022813688213 0.09615384615384616
4 0.4838403041825095 0.38461538461538464 0.045627376425855515 0.08461538461538462
3 0.5503802281368821 0.257051282051282 0.045627376425855515 0.10384615384615385
3 0.6245247148288974 0.37756410256410255 0.043726235741444866 0.11153846153846154
3 0.6758555133079848 0.2608974358974359 0.04182509505703422 0.10128205128205128
0 0.48098859315589354 0.5083333333333333 0.06273764258555133 0.15512820512820513
5 0.7157794676806084 0.4378205128205128 0.07034220532319392 0.1294871794871795
12 0.3450570342205323 0.367948717948718 0.060836501901140684 0.11282051282051282
12 0.6226235741444867 0.28846153846153844 0.045627376425855515 0.05128205128205128
12 0.7452471482889734 0.6198717948717949 0.07034220532319392 0.12435897435897436
13 0.48193916349809884 0.7108974358974359 0.06844106463878327 0.17564102564102563
14 0.1791825095057034 0.7198717948717949 0.10931558935361217 0.1576923076923077