12 0.33079847908745247 0.4442307692307692 0.060836501901140684 0.12692307692307692
12 0.20389733840304183 0.6083333333333333 0.07129277566539924 0.11153846153846154
12 0.3921102661596958 0.6044871794871794 0.06368821292775666 0.1141025641025641
12 0.560361216730038 0.5307692307692308 0.05798479087452472 0.13076923076923078
12 0.8075095057034221 0.517948717948718 0.06368821292775666 0.12051282051282051
12 0.7438212927756654 0.6115384615384616 0.06939163498098859 0.1076923076923077
12 0.48003802281368824 0.5923076923076923 0.06273764258555133 0.07692307692307693
12 0.6549429657794676 0.6032051282051282 0.06273764258555133 0.08846153846153847
14 0.8678707224334601 0.7211538461538461 0.11406844106463879 0.15512820512820513
14 0.17538022813688212 0.7192307692307692 0.10551330798479087 0.1564102564102564
11 0.27709125475285173 0.7173076923076923 0.10171102661596958 0.15256410256410258
11 0.6463878326996197 0.507051282051282 0.057034220532319393 0.1371794871794872
9 0.3726235741444867 0.7185897435897436 0.055133079847908745 0.16025641025641027
9 0.6696768060836502 0.7262820512820513 0.07889733840304182 0.1576923076923077
10 0.5760456273764258 0.7115384615384616 0.07224334600760456 0.18461538461538463
7 0.4767110266159696 0.7141025641025641 0.06178707224334601 0.1641025641025641
4 0.4824144486692015 0.4326923076923077 0.05608365019011407 0.17051282051282052
5 0.7100760456273765 0.4358974358974359 0.053231939163498096 0.13846153846153847
11 0.30228136882129275 0.18461538461538463 0.060836501901140684 0.14871794871794872
3 0.5489543726235742 0.2602564102564103 0.0408745247148289 0.11282051282051282
3 0.6097908745247148 0.26153846153846155 0.05038022813688213 0.10256410256410256
3 0.6711026615969582 0.25961538461538464 0.055133079847908745 0.10384615384615385
1 0.5480038022813688 0.15 0.04657794676806084 0.09487179487179487
0 0.6059885931558935 0.1621794871794872 0.04657794676806084 0.09102564102564102
2 0.6701520912547528 0.16538461538461538 0.055133079847908745 0.08717948717948718