13 0.7583460076045627 0.663974358974359 0.11195817490494296 0.1862948717948718
11 0.6888973384030419 0.3300192307692308 0.07657319391634981 0.15334615384615385
9 0.6461216730038023 0.5603717948717949 0.07974334600760456 0.16701282051282051
14 0.4718536121673004 0.671448717948718 0.07974334600760456 0.16707692307692307
12 0.4789828897338403 0.5503910256410256 0.07499049429657795 0.09294871794871795
14 0.38762357414448667 0.5614358974358975 0.07393536121673004 0.1606025641025641
10 0.315537072243346 0.4539166666666667 0.08185361216730037 0.17050641025641025
3 0.4171958174904943 0.34567948717948715 0.059144486692015205 0.12202564102564104
0 0.34378802281368825 0.32183333333333336 0.06653992395437262 0.15690384615384617
5 0.26167300380228137 0.32681410256410254 0.057561787072243346 0.12984615384615386
2 0.4193060836501901 0.23637820512820512 0.06125950570342205 0.08849358974358976
4 0.4193060836501901 0.1587628205128205 0.054923954372623575 0.07278846153846154
3 0.35857414448669206 0.19970512820512823 0.05597908745247148 0.05500641025641026
1 0.2856986692015209 0.15591666666666665 0.06231463878326997 0.07848076923076923
2 0.27619296577946767 0.22783333333333333 0.06865019011406844 0.08849358974358976
6 0.8935361216730038 0.7848999999999999 0.130967680608365 0.7744121794871796 0.25665399239543724 0.10670961538461539 0.30946340304182507 0.11382820512820513 0.32002519011406844 0.17789358974358974 0.3633293726235742 0.16650384615384614 0.3876216730038023 0.18358782051282052 0.39501473384030417 0.1195224358974359 0.4340936311787072 0.12236987179487178 0.45732984790874526 0.18358782051282052 0.7446135931558935 0.20067179487179487