12 0.30861216730038027 0.18883333333333333 0.051630228136882124 0.12446794871794871
12 0.7152899239543726 0.19307692307692306 0.04928707224334601 0.1054551282051282
12 0.23118821292775665 0.4881602564102564 0.07501901140684411 0.12696153846153846
12 0.6400570342205324 0.5850064102564103 0.07051330798479089 0.13796153846153847
11 0.5448669201520913 0.22290384615384617 0.0512309885931559 0.14452564102564103
14 0.7110123574144487 0.487974358974359 0.0722148288973384 0.14261538461538462
5 0.24006178707224332 0.3787371794871795 0.054748098859315586 0.09721794871794871
2 0.6612832699619772 0.17633974358974358 0.05593155893536122 0.14114102564102565
2 0.18048954372623574 0.6670641025641025 0.10432509505703422 0.17066666666666666
0 0.46891634980988595 0.6709294871794872 0.07043726235741445 0.16557051282051283
4 0.8485598859315588 0.6677435897435898 0.12392110266159696 0.18484615384615385