12 0.31606463878326996 0.1935897435897436 0.05798479087452472 0.10512820512820513
1 0.42585551330798477 0.21666666666666667 0.053231939163498096 0.16153846153846155
5 0.5532319391634981 0.2403846153846154 0.04752851711026616 0.12179487179487179
11 0.26901140684410646 0.3416666666666667 0.0817490494296578 0.15
12 0.3578897338403042 0.3 0.05798479087452472 0.11025641025641025
13 0.49049429657794674 0.2833333333333333 0.055133079847908745 0.15897435897435896
10 0.5636882129277566 0.4096153846153846 0.057034220532319393 0.16025641025641027
9 0.6330798479087453 0.4217948717948718 0.051330798479087454 0.15128205128205127
8 0.7423954372623575 0.6038461538461538 0.07604562737642585 0.13846153846153847
8 0.48003802281368824 0.6 0.07224334600760456 0.14358974358974358
11 0.39923954372623577 0.5006410256410256 0.07224334600760456 0.14743589743589744
11 0.23479087452471484 0.49423076923076925 0.08745247148288973 0.15256410256410258
12 0.40922053231939165 0.3974358974358974 0.04467680608365019 0.05384615384615385
0 0.2846958174904943 0.7012820512820512 0.0903041825095057 0.15897435897435896
4 0.17775665399239543 0.698076923076923 0.11596958174904944 0.1782051282051282
3 0.5769961977186312 0.7147435897435898 0.06653992395437262 0.1346153846153846