2 0.3070152091254753 0.18805128205128205 0.0650712927756654 0.13892948717948717
2 0.6748716730038024 0.16651282051282051 0.0519819391634981 0.07982051282051282
12 0.3452423954372624 0.3681923076923077 0.05748098859315589 0.11284615384615385
12 0.2083745247148289 0.5977948717948718 0.07216730038022814 0.09302564102564102
12 0.3957842205323194 0.6190320512820513 0.06438688212927757 0.1355
12 0.5645057034220532 0.5270576923076923 0.05724809885931559 0.12783333333333333
12 0.6596625475285172 0.6000448717948719 0.06457699619771863 0.0943205128205128
12 0.4821958174904943 0.5905448717948718 0.051839353612167294 0.07531410256410256
12 0.7493963878326996 0.618474358974359 0.06581273764258555 0.11835897435897436
9 0.3191397338403042 0.5045512820512821 0.07269011406844106 0.1629551282051282
9 0.6746150190114069 0.7248653846153846 0.08022338403041825 0.15805769230769232
11 0.6513117870722434 0.49697435897435893 0.057371673003802276 0.11574999999999999
11 0.2804610266159696 0.721852564102564 0.09845532319391635 0.155
13 0.4830608365019011 0.7150641025641026 0.06545152091254754 0.1737179487179487
14 0.8707652091254753 0.7204935897435898 0.11605513307984791 0.16214102564102564
14 0.1796768060836502 0.7229935897435896 0.10269961977186312 0.16073076923076923
4 0.48440114068441065 0.3766666666666667 0.044377376425855514 0.07385256410256409
10 0.48682984790874523 0.48375641025641025 0.05635456273764258 0.14059615384615384
3 0.6251758555133079 0.37360256410256415 0.05500950570342205 0.11578846153846153
3 0.5500142585551331 0.2562884615384615 0.040142585551330795 0.10873717948717948
3 0.6779752851711027 0.25958333333333333 0.04178707224334601 0.10250000000000001
0 0.6107271863117871 0.18619871794871798 0.042956273764258555 0.14162820512820512
1 0.48706749049429654 0.2678974358974359 0.04257604562737643 0.1383525641025641
5 0.7176568441064639 0.4358141025641026 0.06411121673003801 0.14406410256410257