2 0.30633079847908745 0.18598717948717947 0.06608365019011407 0.14291666666666666
2 0.6716825095057034 0.16344871794871793 0.057713878326996204 0.08180769230769232
0 0.48425855513307986 0.5069102564102564 0.05358840304182509 0.1597628205128205
4 0.4827138783269962 0.3825833333333334 0.048122623574144485 0.09380128205128206
3 0.6273621673003802 0.374974358974359 0.04987167300380228 0.12024358974358976
3 0.5511264258555133 0.2568974358974359 0.045242395437262356 0.11166025641025641
3 0.6750380228136882 0.26137820512820514 0.04581749049429658 0.11100641025641025
5 0.7137690114068441 0.43785256410256407 0.07059410646387833 0.14023717948717948
12 0.3475190114068441 0.3704487179487179 0.06053231939163498 0.12401282051282052
12 0.6223764258555133 0.28928205128205126 0.04227661596958175 0.06425
12 0.7452756653992395 0.6189423076923076 0.07803707224334601 0.12741666666666668
11 0.48841254752851704 0.1915897435897436 0.05239068441064639 0.14771153846153848
14 0.17911596958174905 0.7200448717948718 0.11345057034220532 0.1693653846153846
14 0.871782319391635 0.7208205128205128 0.11333650190114068 0.16314102564102564
13 0.4811549429657795 0.7122756410256411 0.07590304182509505 0.18587179487179487