3 0.36961977186311784 0.246525641025641 0.04769961977186312 0.1148397435897436
3 0.5793536121673004 0.5744679487179487 0.04892110266159696 0.07200641025641026
2 0.42670152091254754 0.17910897435897438 0.033540874524714825 0.04732692307692308
4 0.4259695817490494 0.2822179487179487 0.04394961977186312 0.14777564102564103
1 0.29199619771863117 0.17044230769230767 0.044538973384030414 0.07166025641025642
2 0.2855893536121673 0.2435320512820513 0.05074144486692016 0.0703974358974359
5 0.26568916349809885 0.3091474358974359 0.046592205323193914 0.05418589743589744
0 0.250532319391635 0.3732948717948718 0.05430133079847909 0.09275
9 0.23317015209125475 0.46318589743589744 0.0679657794676806 0.10907051282051282
14 0.21080798479087454 0.5672820512820513 0.07941539923954373 0.09930128205128205
11 0.19335076045627378 0.7005320512820512 0.10865494296577947 0.17349358974358972
12 0.2989686311787072 0.7154679487179488 0.08225760456273765 0.14889102564102566
12 0.5720437262357414 0.4909294871794872 0.0461787072243346 0.09403846153846153
10 0.39001901140684414 0.6906923076923077 0.07898764258555133 0.19227564102564101
14 0.48991444866920153 0.7040320512820513 0.07202946768060838 0.16126923076923078
13 0.583393536121673 0.6973012820512821 0.07285171102661597 0.1697371794871795