14 0.18970532319391634 0.7062564102564103 0.11087452471482889 0.15931410256410256
12 0.3333222433460076 0.3982820512820513 0.04820342205323194 0.05722435897435897
12 0.30240494296577947 0.24242948717948717 0.05110266159695817 0.11306410256410256
12 0.43506178707224336 0.19610897435897437 0.04312737642585551 0.10375641025641026
12 0.48978136882129275 0.31724358974358974 0.04383555133079848 0.02105769230769231
10 0.48442965779467684 0.4111474358974359 0.05217680608365019 0.16844871794871794
13 0.3193108365019012 0.4917628205128205 0.0777851711026616 0.1694294871794872
11 0.34776615969581753 0.32021794871794873 0.04201520912547529 0.10517307692307692
11 0.6141967680608365 0.22533974358974357 0.04255228136882129 0.1237628205128205
9 0.6300522813688213 0.3486217948717949 0.060009505703422054 0.15237179487179486
12 0.563921102661597 0.4130576923076923 0.05845057034220533 0.07931410256410257
12 0.5648336501901141 0.5144230769230769 0.06260456273764259 0.12179487179487179
12 0.3985171102661597 0.6035641025641025 0.0627138783269962 0.13341025641025642
12 0.5783650190114069 0.7146346153846154 0.0778374524714829 0.13760897435897435
14 0.6606844106463878 0.597275641025641 0.0784980988593156 0.15289102564102564
3 0.2725950570342205 0.35359615384615384 0.058027566539923955 0.10782692307692308
3 0.41763307984790876 0.3246282051282051 0.04153992395437263 0.040282051282051284
3 0.42250000000000004 0.2739615384615385 0.0417680608365019 0.0639551282051282
2 0.7363212927756654 0.49749358974358976 0.0753041825095057 0.15524358974358976
2 0.8040874524714828 0.41830769230769227 0.061116920152091254 0.1539230769230769
5 0.5573716730038023 0.2955897435897436 0.05009980988593156 0.1296474358974359
1 0.49019011406844104 0.24824358974358973 0.044063688212927755 0.11507692307692308
4 0.4897766159695818 0.5870641025641026 0.06700570342205323 0.17412820512820512
9 0.41032794676806084 0.4143525641025641 0.057827946768060835 0.1652435897435897