2 0.3056083650190114 0.1858974358974359 0.06178707224334601 0.14358974358974358
2 0.6763307984790875 0.1685897435897436 0.05798479087452472 0.0858974358974359
0 0.6088403041825095 0.19166666666666668 0.04847908745247148 0.15
1 0.48716730038022815 0.2717948717948718 0.04657794676806084 0.14102564102564102
3 0.5489543726235742 0.25833333333333336 0.04277566539923954 0.1141025641025641
3 0.6806083650190115 0.266025641025641 0.04182509505703422 0.11153846153846154
3 0.6245247148288974 0.37948717948717947 0.049429657794676805 0.11282051282051282
12 0.34743346007604564 0.37243589743589745 0.06368821292775666 0.11923076923076924
12 0.563212927756654 0.5282051282051282 0.05228136882129278 0.1282051282051282
12 0.8141634980988594 0.5198717948717949 0.07129277566539924 0.1064102564102564
12 0.7461977186311787 0.6205128205128205 0.06653992395437262 0.11025641025641025
12 0.6611216730038023 0.6032051282051282 0.06178707224334601 0.09358974358974359
12 0.39638783269961975 0.6160256410256411 0.060836501901140684 0.1294871794871795
12 0.4862167300380228 0.591025641025641 0.0655893536121673 0.07179487179487179
12 0.2105513307984791 0.6006410256410256 0.08079847908745247 0.09358974358974359
14 0.18155893536121673 0.7243589743589743 0.11026615969581749 0.16153846153846155
14 0.8716730038022814 0.7237179487179487 0.11216730038022814 0.15512820512820513
11 0.282319391634981 0.7205128205128205 0.09885931558935361 0.15897435897435896
11 0.6463878326996197 0.5 0.06463878326996197 0.11794871794871795
13 0.4828897338403042 0.7134615384615385 0.06463878326996197 0.16538461538461538
9 0.6734790874524715 0.7230769230769231 0.07699619771863118 0.15128205128205127
10 0.4862167300380228 0.4858974358974359 0.05228136882129278 0.14358974358974358
9 0.31844106463878324 0.5038461538461538 0.0779467680608365 0.16153846153846155
5 0.7138783269961977 0.4378205128205128 0.07034220532319392 0.13974358974358975
4 0.4852661596958175 0.37948717948717947 0.04847908745247148 0.07179487179487179