2 0.303388783269962 0.1851217948717949 0.07446292775665399 0.14827564102564103
14 0.8734695817490494 0.7198653846153846 0.13519011406844106 0.16425641025641027
13 0.4813593155893536 0.7113269230769231 0.07974334600760456 0.18133974358974358
11 0.2804182509505703 0.7173717948717948 0.10456273764258556 0.16496794871794873
14 0.1758555133079848 0.7216474358974359 0.12357414448669202 0.16496794871794873
12 0.7435551330798479 0.6187564102564103 0.07815589353612167 0.14425641025641026
12 0.6572148288973384 0.6208910256410256 0.07657319391634981 0.13998717948717948
12 0.5637404942965779 0.5247628205128205 0.06706749049429658 0.13566025641025642
12 0.3913165399239544 0.6109230769230769 0.0792157794676806 0.14282692307692307
12 0.2128231939163498 0.6144807692307692 0.1003374524714829 0.13571153846153847
9 0.3163307984790874 0.5034038461538461 0.08977661596958174 0.16128205128205128
12 0.3448479087452471 0.36704487179487183 0.06442965779467681 0.11349358974358975
9 0.4193060836501901 0.2851666666666667 0.06759505703422053 0.16614102564102565
12 0.48003802281368824 0.6062884615384615 0.0728754752851711 0.11363461538461539
10 0.48320817490494294 0.4856025641025641 0.0792157794676806 0.1626923076923077
11 0.6516682509505703 0.5126602564102564 0.07815589353612167 0.15131410256410258
0 0.8401996197718631 0.6023846153846154 0.10667300380228137 0.18554487179487178
5 0.7160979087452471 0.43896153846153846 0.07604562737642585 0.14914102564102563
3 0.626055133079848 0.3738076923076923 0.06284220532319391 0.12987820512820514
3 0.6780750950570342 0.2602371794871795 0.057034220532319393 0.12197435897435897
4 0.4842633079847909 0.37201923076923077 0.07710076045627376 0.0864423076923077
3 0.552124524714829 0.2545448717948718 0.05228136882129278 0.13336538461538464
1 0.4847908745247148 0.26985256410256414 0.06336977186311787 0.15829487179487178
2 0.6743773764258556 0.1915320512820513 0.07076520912547528 0.1525576923076923
6 0.1299111216730038 0.8319089743589744 0.14258555133079848 0.7559044871794872 0.11934933460076046 0.6918391025641025 0.17215874524714828 0.5352352564102564 0.208069391634981 0.520998717948718 0.2809462927756654 0.2134852564102564 0.2651036121673004 0.1309121794871795 0.3073512357414449 0.10243846153846153 0.3369244296577947 0.16508012820512818 0.3390365969581749 0.20921410256410258 0.6389947718631178 0.21490897435897435 0.6474439163498099 0.11382820512820513 0.6970850760456273 0.11525192307692309 0.7224334600760456 0.17219871794871794 0.709759030418251 0.2163326923076923 0.7583441064638784 0.2262980769230769 0.8396706273764258 0.5323878205128205 0.8956487642585551 0.518151282051282 0.8935361216730038 0.6149608974358974 0.9400085551330799 0.6633660256410258 0.9294467680608365 0.7331256410256409 0.9009296577946768 0.7502096153846154 0.9231093155893536 0.8413250000000001