3 0.8502328897338404 0.6878205128205128 0.10561787072243346 0.15141666666666667
3 0.36438688212927756 0.2335320512820513 0.06336977186311787 0.11982692307692308
9 0.47370247148288974 0.6678910256410256 0.08555133079847908 0.1741923076923077
10 0.284643536121673 0.6579230769230768 0.10878802281368821 0.19412179487179487
0 0.19750950570342204 0.5504038461538462 0.08027091254752851 0.1783974358974359
13 0.6434838403041826 0.4663782051282051 0.07234790874524714 0.1755
14 0.47739543726235745 0.47955128205128206 0.07815589353612167 0.14489102564102563
5 0.48003802281368824 0.36775 0.0728754752851711 0.06934615384615385
12 0.4153469581749049 0.34674999999999995 0.06601235741444866 0.11562179487179487
12 0.6833545627376426 0.40425705128205125 0.6463878326996197 0.38717307692307695 0.6844106463878327 0.28751602564102563 0.7340518060836502 0.2946346153846154 0.7171525665399239 0.3288025641025641 0.6801858365019012 0.36012371794871795
2 0.7113450570342206 0.3972628205128205 0.06653992395437262 0.1563525641025641
1 0.5581939163498099 0.31827564102564104 0.06231463878326997 0.17256410256410257
2 0.48848859315589355 0.2168076923076923 0.06231463878326997 0.14046153846153847
4 0.5600427756653992 0.18725 0.05545152091254753 0.12691666666666668
14 0.29019011406844103 0.27234615384615385 0.0755180608365019 0.1405
11 0.6762262357414448 0.2203653846153846 0.07023764258555133 0.14189102564102563
6 0.8935361216730038 0.789173717948718 0.13519249049429657 0.7786833333333334 0.18588925855513308 0.5765217948717949 0.15525998098859314 0.5266929487179487 0.17532747148288974 0.4711698717948718 0.21229420152091252 0.4854064102564103 0.27249667300380226 0.28039743589743593 0.24820437262357414 0.23484038461538462 0.2640475285171103 0.20636666666666667 0.2883398288973384 0.21063782051282054 0.2904519961977186 0.18785897435897436 0.33586834600760457 0.19782500000000003 0.34748621673003804 0.1764698717948718 0.38022813688212925 0.1764698717948718 0.3865651140684411 0.19782500000000003 0.4594424904942966 0.20779038461538463 0.47000427756653995 0.14230128205128206 0.5080270912547528 0.15938525641025642 0.5207015209125475 0.19355384615384616 0.5280945817490494 0.19782500000000003 0.5280945817490494 0.15084358974358975 0.5534434410646387 0.12664102564102564 0.5851288022813689 0.15938525641025642 0.5830166349809885 0.19497756410256412 0.6495565589353611 0.20636666666666667 0.6749049429657795 0.14514871794871795 0.7118716730038023 0.16935128205128205 0.7129277566539924 0.19924807692307692 0.7403887832699619 0.20209551282051283 0.8534011406844106 0.6135371794871796 0.901985741444867 0.6405871794871795 0.8829743346007605 0.7046525641025642