0 0.20929657794676806 0.5616538461538462 0.09302281368821293 0.17309615384615382
1 0.5492015209125475 0.32306410256410256 0.052775665399239544 0.17667948717948717
5 0.47897813688212926 0.4045897435897436 0.052533269961977186 0.14101282051282052
3 0.3611787072243346 0.23199358974358977 0.049824144486692014 0.11313461538461539
3 0.556254752851711 0.5807820512820513 0.059743346007604566 0.1312179487179487
2 0.48316539923954377 0.21830128205128205 0.051402091254752855 0.14343589743589744
2 0.7033555133079847 0.4025641025641026 0.06877851711026617 0.15299358974358973
4 0.5474096958174905 0.1842820512820513 0.04206273764258555 0.09783974358974358
10 0.38676330798479086 0.5535833333333333 0.07247148288973383 0.18259615384615385
14 0.2818155893536122 0.2760576923076923 0.06695342205323195 0.13715384615384615
14 0.6451140684410646 0.5720384615384615 0.0782509505703422 0.15219230769230768
13 0.6389591254752851 0.44414102564102564 0.056430608365019015 0.11434615384615385
12 0.6927661596958175 0.3143397435897436 0.0380893536121673 0.0438525641025641
12 0.4115304182509506 0.3467435897435897 0.05071768060836502 0.11826923076923077
9 0.47315589353612164 0.5627692307692307 0.05990019011406844 0.16891025641025642
11 0.6695579847908745 0.22310256410256413 0.0605893536121673 0.14342948717948717