2 0.7295627376425855 0.5044871794871795 0.07129277566539924 0.1576923076923077
2 0.7694866920152091 0.7083333333333334 0.09600760456273764 0.16025641025641027
0 0.3056083650190114 0.1737179487179487 0.04467680608365019 0.15256410256410258
1 0.35693916349809884 0.28205128205128205 0.05608365019011407 0.1717948717948718
3 0.2884980988593156 0.29935897435897435 0.05418250950570342 0.12435897435897436
3 0.33269961977186313 0.3993589743589744 0.049429657794676805 0.057692307692307696
5 0.5665399239543726 0.3871794871794872 0.049429657794676805 0.06153846153846154
4 0.3873574144486692 0.583974358974359 0.05038022813688213 0.16538461538461538
14 0.188212927756654 0.7096153846153846 0.10836501901140684 0.16025641025641027
14 0.48193916349809884 0.7070512820512821 0.06844106463878327 0.15256410256410258
12 0.5693916349809885 0.610897435897436 0.04752851711026616 0.12435897435897436
9 0.5693916349809885 0.4878205128205128 0.051330798479087454 0.12435897435897436
10 0.4158745247148289 0.33589743589743587 0.05608365019011407 0.1794871794871795
11 0.6131178707224335 0.23525641025641025 0.055133079847908745 0.14487179487179488
12 0.5608365019011406 0.3301282051282051 0.043726235741444866 0.05512820512820513
13 0.31368821292775667 0.4891025641025641 0.0779467680608365 0.16025641025641027