3 0.37231463878327 0.2109102564102564 0.024719581749049428 0.046820512820512826
3 0.7330228136882129 0.5136410256410257 0.07107889733840304 0.12984615384615386
2 0.43256178707224335 0.2310769230769231 0.0428754752851711 0.1480576923076923
4 0.49372623574144486 0.24995512820512822 0.04401140684410646 0.10246794871794872
8 0.32683935361216726 0.5037371794871796 0.07620722433460077 0.15491666666666665
8 0.40431558935361217 0.5960320512820513 0.07194391634980989 0.1536025641025641
5 0.2210313688212928 0.5964166666666666 0.09986216730038024 0.16078205128205128
2 0.5741302281368822 0.5016217948717948 0.05569866920152091 0.15043589743589744
1 0.274467680608365 0.33468589743589744 0.07364543726235741 0.18540384615384617
13 0.415361216730038 0.4110384615384616 0.05949619771863118 0.16502564102564102
12 0.4940114068441065 0.3648974358974359 0.04884980988593156 0.12082051282051282
12 0.6395627376425856 0.43362820512820516 0.060023764258555136 0.12366666666666666
9 0.5572243346007605 0.20905128205128207 0.04742870722433461 0.11361538461538462
10 0.35863593155893536 0.2740961538461538 0.056625475285171104 0.16998717948717948
11 0.7796625475285172 0.7053589743589743 0.1049477186311787 0.16392307692307692
0 0.5618441064638783 0.3441666666666667 0.05429657794676806 0.15628846153846154