12 0.342680608365019 0.3689807692307692 0.057072243346007606 0.11469230769230769
12 0.20438212927756652 0.5982435897435897 0.07131653992395438 0.09712179487179487
12 0.6538830798479087 0.6203910256410256 0.06489068441064638 0.13501923076923075
12 0.7441207224334602 0.6239871794871794 0.06951045627376426 0.1325897435897436
14 0.17753802281368822 0.7182179487179488 0.10317015209125475 0.14798076923076922
14 0.8809838403041824 0.7279551282051281 0.08392585551330799 0.1556474358974359
13 0.4792205323193916 0.7128269230769231 0.06965779467680608 0.1788525641025641
11 0.2770674904942966 0.7233205128205129 0.10024239543726235 0.15176923076923077
11 0.6497861216730039 0.495025641025641 0.05432509505703422 0.10864102564102564
9 0.5668536121673005 0.6000897435897435 0.06489543726235741 0.1553076923076923
9 0.7540161596958175 0.29515384615384616 0.07741920152091254 0.15121153846153845
5 0.7120865019011406 0.4408397435897436 0.0624809885931559 0.13808974358974357
3 0.5505893536121673 0.26092948717948716 0.04366920152091255 0.1148076923076923
3 0.6745389733840305 0.2596025641025641 0.046801330798479084 0.1121474358974359
3 0.6226996197718632 0.37461538461538463 0.052428707224334604 0.11461538461538462
2 0.3038117870722434 0.18720512820512822 0.06342205323193917 0.1436346153846154
2 0.6733555133079848 0.1616025641025641 0.05155893536121673 0.08282051282051281
4 0.4850712927756654 0.42285897435897435 0.05759030418250951 0.16944230769230767
0 0.8404325095057034 0.5907692307692308 0.0924809885931559 0.12483333333333334