2 0.35834600760456276 0.2838974358974359 0.06317490494296578 0.15433333333333332
2 0.2890541825095057 0.28127564102564107 0.0624287072243346 0.14589102564102566
0 0.30932509505703426 0.1525 0.0483032319391635 0.11268589743589744
1 0.49272338403041827 0.16953846153846155 0.056264258555133076 0.1692051282051282
12 0.26257604562737646 0.42825641025641026 0.0688735741444867 0.12574358974358973
12 0.33927281368821294 0.4295833333333333 0.06542775665399239 0.1283974358974359
14 0.40748574144486693 0.5008141025641025 0.06639733840304182 0.14907051282051284
14 0.48987642585551333 0.704801282051282 0.06721007604562737 0.15639102564102564
10 0.18622623574144487 0.6914166666666666 0.12054657794676805 0.19052564102564104
9 0.3909125475285171 0.6996602564102564 0.07839828897338402 0.1685576923076923
11 0.5820247148288973 0.7021217948717948 0.07088878326996198 0.17668589743589744
13 0.489287072243346 0.561551282051282 0.05889733840304182 0.1295128205128205
3 0.49168726235741445 0.36189743589743584 0.05418726235741445 0.1244294871794872
3 0.6236026615969581 0.3036666666666667 0.05185836501901141 0.12015384615384615
5 0.8456321292775666 0.5913974358974359 0.09431083650190114 0.16035897435897437
4 0.6700665399239544 0.5842307692307692 0.09726235741444866 0.17486538461538462