10 0.18868821292775664 0.698076923076923 0.12072243346007605 0.1858974358974359
14 0.4919201520912547 0.7032051282051283 0.06749049429657794 0.1576923076923077
11 0.5850760456273765 0.7064102564102565 0.05228136882129278 0.1564102564102564
14 0.3293726235741445 0.5051282051282051 0.07129277566539924 0.13333333333333333
13 0.41017110266159695 0.4948717948717949 0.0655893536121673 0.16923076923076924
9 0.42395437262357416 0.34423076923076923 0.051330798479087454 0.15
12 0.6411596958174905 0.4358974358974359 0.05608365019011407 0.12051282051282051
12 0.26188212927756654 0.425 0.06368821292775666 0.1141025641025641
5 0.29039923954372626 0.28846153846153844 0.06368821292775666 0.1358974358974359
2 0.24096958174904942 0.4980769230769231 0.06178707224334601 0.1423076923076923
2 0.3678707224334601 0.22948717948717948 0.053231939163498096 0.14615384615384616
1 0.49334600760456276 0.22115384615384615 0.045627376425855515 0.16282051282051282
3 0.6230988593155894 0.30512820512820515 0.04657794676806084 0.11025641025641025
3 0.563212927756654 0.3628205128205128 0.0408745247148289 0.11794871794871795
4 0.6711026615969582 0.5858974358974359 0.07984790874524715 0.16666666666666666
0 0.5741444866920152 0.5012820512820513 0.057034220532319393 0.1641025641025641