6 0.917828422053232 0.8071570512820513 0.824884030418251 0.4697461538461538 0.8417827946768062 0.37863141025641023 0.8343897338403042 0.34161602564102567 0.7910860266159696 0.35158141025641027 0.7530632129277566 0.21775641025641024 0.6379382129277567 0.21490897435897435 0.6358260456273764 0.15796217948717947 0.609421102661597 0.15653846153846154 0.6009719581749049 0.21490897435897435 0.5143640684410646 0.21063782051282054 0.4900717680608366 0.18785897435897436 0.4604985741444867 0.20351923076923079 0.4267005703422053 0.18216410256410256 0.3886777566539924 0.20351923076923079 0.32425 0.20636666666666667 0.28622718631178706 0.14230128205128206 0.2587666349809886 0.15084358974358975 0.26087880228136884 0.20067179487179487 0.2809462927756654 0.24480576923076922 0.2651036121673004 0.29321089743589746 0.24397956273764257 0.3074474358974359 0.23975522813688213 0.3373448717948718 0.25031701520912547 0.3743602564102564 0.18588925855513308 0.6235032051282051 0.1520912547528517 0.6206557692307691 0.1277989543726236 0.6576711538461539 0.12674287072243345 0.6989576923076923 0.1584282319391635 0.7331256410256409 0.14258555133079848 0.8171224358974359
14 0.18562737642585553 0.7049166666666667 0.11987642585551331 0.16851923076923075
14 0.6609125475285171 0.6052307692307692 0.08819391634980989 0.1713076923076923
4 0.48558460076045623 0.587076923076923 0.08396863117870722 0.18625
13 0.3189686311787072 0.4859615384615385 0.09716730038022814 0.18334615384615383
2 0.8016492395437262 0.4122628205128205 0.07604562737642585 0.15553205128205128
2 0.7356368821292776 0.4984230769230769 0.08766159695817491 0.16269871794871796
12 0.5634790874524714 0.4293461538461538 0.07076520912547528 0.12136538461538462
10 0.4837357414448669 0.40585897435897433 0.0718203422053232 0.18543589743589742
3 0.42168250950570346 0.30189102564102566 0.06601235741444866 0.11132051282051282
5 0.5576663498098859 0.29121153846153847 0.06336977186311787 0.14121794871794874
9 0.6352994296577947 0.3446217948717949 0.06653992395437262 0.1626153846153846
3 0.272495247148289 0.3585 0.06336977186311787 0.12203205128205129
0 0.3002233840304182 0.22143589743589742 0.06812262357414449 0.16966025641025642
1 0.49244771863117864 0.2548974358974359 0.057561787072243346 0.1369294871794872
12 0.42643536121673004 0.21928846153846152 0.06284220532319391 0.0628525641025641