8 0.2996102661596958 0.1715576923076923 0.04551330798479088 0.10123717948717949
12 0.276967680608365 0.26964102564102566 0.04538022813688213 0.06342948717948718
12 0.5536359315589353 0.36568589743589747 0.05689163498098859 0.12410897435897436
11 0.6093726235741445 0.23121153846153847 0.05192015209125475 0.1468205128205128
13 0.22901140684410645 0.48943589743589744 0.08967205323193916 0.17669230769230768
3 0.2678754752851711 0.3581923076923077 0.06284220532319391 0.11873717948717948
3 0.6482414448669201 0.6080833333333333 0.0696245247148289 0.13360897435897437
14 0.48006178707224334 0.5015769230769231 0.057072243346007606 0.1458846153846154
9 0.6956558935361217 0.3515128205128205 0.06276140684410647 0.16082051282051282
10 0.5658602661596958 0.5821474358974359 0.0670722433460076 0.1820320512820513
1 0.35038022813688213 0.2724358974358974 0.059120722433460074 0.17799358974358975
5 0.48494771863117875 0.2971282051282051 0.052590304182509505 0.1440448717948718
2 0.4071910646387833 0.4145705128205128 0.05392585551330798 0.15456410256410258
2 0.18113593155893537 0.7048269230769231 0.10561311787072243 0.1645641025641026
4 0.38884980988593154 0.5854615384615385 0.06952471482889734 0.17262820512820515
0 0.7232652091254753 0.5011666666666666 0.08245247148288973 0.1610897435897436