14 0.7715446768060836 0.7063397435897436 0.11723859315589354 0.18276282051282053
14 0.37970057034220533 0.7020641025641026 0.10245247148288973 0.15712179487179487
4 0.18034220532319392 0.6953076923076923 0.13677756653992393 0.19201282051282054
2 0.2154624524714829 0.6747551282051282 0.18377709125475283 0.6562474358974358 0.19645104562737645 0.6035717948717949 0.16265304182509505 0.5879108974358974 0.15948479087452472 0.5124564102564103 0.19856368821292777 0.49964358974358974 0.27566539923954375 0.6192320512820513
3 0.574828897338403 0.7152371794871795 0.07657319391634981 0.1521474358974359
0 0.6601188212927757 0.5927692307692308 0.08027091254752851 0.17485897435897435
2 0.40399239543726234 0.4969935897435897 0.0792157794676806 0.15700641025641027
12 0.4076901140684411 0.39587179487179486 0.0718203422053232 0.06865384615384615
10 0.5634790874524714 0.4072820512820513 0.06442965779467681 0.18258333333333332
9 0.6387309885931559 0.42009615384615384 0.06918250950570343 0.16550641025641025
11 0.259824144486692 0.4101282051282051 0.09505703422053231 0.15980128205128205
12 0.2899239543726236 0.29334615384615387 0.0728754752851711 0.12840384615384615
3 0.35857414448669206 0.29476923076923073 0.06231463878326997 0.12555769230769231
1 0.42722908745247146 0.20790384615384613 0.0580893536121673 0.1539871794871795
13 0.5592538022813689 0.25774358974358974 0.05386406844106464 0.12268589743589743
5 0.4140256653992396 0.32396153846153847 0.059144486692015205 0.09282051282051283
6 0.9093788022813689 0.8199698717948718 0.7467257604562738 0.21490897435897435 0.45204895437262355 0.20636666666666667 0.4404310836501901 0.1309121794871795 0.4013521863117871 0.11667564102564103 0.38234077946768064 0.15796217948717947 0.3960708174904943 0.19924807692307692 0.2798902091254753 0.20067179487179487 0.27038450570342204 0.23911153846153846 0.2513730988593156 0.2433820512820513 0.2513730988593156 0.30175256410256407 0.2017324144486692 0.35727628205128203 0.2228559885931559 0.4469673076923077 0.21335028517110266 0.49537243589743585 0.1573721482889734 0.5067615384615385 0.17004657794676806 0.5978769230769231 0.10878754752851712 0.6163846153846153 0.11195627376425855 0.6605185897435898 0.14258555133079848 0.7188891025641027 0.13202376425855514 0.8242410256410256 0.9167723384030417 0.8327826923076923