12 0.661440114068441 0.6753589743589743 0.07446292775665399 0.14642948717948717
12 0.6368821292775665 0.4791923076923077 0.07604562737642585 0.1498717948717949
9 0.5624192015209125 0.4361089743589744 0.0728754752851711 0.11210897435897435
11 0.568759505703422 0.6750128205128205 0.08555133079847908 0.1770448717948718
14 0.5669106463878327 0.5372179487179487 0.08607889733840304 0.10647435897435897
10 0.76837927756654 0.661128205128205 0.10456273764258556 0.18344871794871795
13 0.7337880228136883 0.43575641025641026 0.08185361216730037 0.11709615384615384
14 0.7549096958174905 0.5297371794871795 0.10614543726235742 0.08296794871794873
3 0.41059410646387834 0.3424807692307692 0.06284220532319391 0.12416025641025641
6 0.8935361216730038 0.7763532051282052 0.7393326996197719 0.18928269230769232 0.44465589353612167 0.1921301282051282 0.43515019011406847 0.12521730769230768 0.4045204372623574 0.11240448717948717 0.3791720532319392 0.12948846153846155 0.3907899239543726 0.18501153846153845 0.35487975285171103 0.16080897435897434 0.33586834600760457 0.1807403846153846 0.31157604562737645 0.1807403846153846 0.301013783269962 0.0953205128205128 0.2767214828897338 0.09389679487179488 0.2513730988593156 0.1309121794871795 0.13730465779467682 0.7701416666666667
0 0.34352661596958173 0.3189871794871795 0.07023764258555133 0.16259615384615386
5 0.26721482889733844 0.333224358974359 0.08660646387832699 0.14266666666666666
2 0.42036121673003807 0.23744871794871797 0.059144486692015205 0.09063461538461537
4 0.4198336501901141 0.15591666666666665 0.06020437262357414 0.07848076923076923
3 0.3564638783269962 0.2046923076923077 0.06020437262357414 0.07067948717948719
2 0.2798906844106464 0.22641025641025642 0.06125950570342205 0.0827948717948718
1 0.28200095057034225 0.15307051282051282 0.06336977186311787 0.08417307692307692