0 0.3131083650190114 0.17188461538461539 0.05489543726235741 0.15302564102564103
2 0.2875903041825095 0.28031410256410255 0.061877376425855515 0.1471602564102564
2 0.48586501901140683 0.4206666666666667 0.054424904942965785 0.14901923076923076
4 0.23256178707224334 0.48822435897435895 0.08964353612167301 0.17516666666666666
10 0.40911121673003803 0.40594230769230766 0.0625190114068441 0.1772692307692308
14 0.6680703422053231 0.7068525641025641 0.09326996197718632 0.1701153846153846
14 0.7460408745247149 0.6020641025641026 0.08286121673003802 0.1624679487179487
12 0.3481131178707224 0.3620064102564103 0.05696768060836502 0.12144230769230768
12 0.42929657794676807 0.24750641025641026 0.045850760456273766 0.1168076923076923
7 0.6224809885931559 0.27230128205128207 0.055484790874524716 0.14426923076923076
3 0.4902756653992395 0.29541025641025637 0.04424429657794677 0.09723076923076923
3 0.6785884030418251 0.2568205128205128 0.052523764258555136 0.12261538461538461
1 0.49242870722433457 0.16537820512820514 0.05805133079847909 0.16409615384615386
5 0.79212927756654 0.431 0.0823574144486692 0.15046794871794872
11 0.5653326996197718 0.498474358974359 0.05652566539923955 0.1604102564102564
9 0.6356606463878327 0.42124999999999996 0.06646863117870722 0.15660897435897436