12 0.4866920152091255 0.31434615384615383 0.03231463878326996 0.02462820512820513
12 0.39592205323193913 0.6039230769230769 0.06465304182509506 0.1358397435897436
12 0.572875475285171 0.7165833333333332 0.06922528517110267 0.14641666666666667
12 0.5637024714828898 0.4126666666666667 0.04374524714828898 0.0770448717948718
12 0.5653279467680609 0.5159102564102565 0.061254752851711024 0.12326923076923077
12 0.29892110266159694 0.24432692307692305 0.05126425855513308 0.11536538461538462
12 0.36544201520912545 0.2290448717948718 0.050327946768060836 0.0815897435897436
12 0.32770437262357416 0.3928846153846154 0.0422861216730038 0.04388461538461538
11 0.3405133079847909 0.31911538461538463 0.03939163498098859 0.09826923076923078
11 0.6161834600760456 0.21976923076923074 0.03701520912547528 0.11432692307692308
9 0.6268013307984791 0.34944871794871796 0.06063212927756654 0.15252564102564103
13 0.31752376425855516 0.49024999999999996 0.07895912547528516 0.16810897435897437
14 0.18511406844106465 0.7064487179487179 0.11356939163498099 0.16460897435897437
14 0.6584980988593157 0.6014935897435898 0.07887357414448669 0.1539871794871795
9 0.4107747148288973 0.4178333333333334 0.05634030418250951 0.15789102564102564
10 0.4845009505703422 0.41181410256410256 0.056454372623574146 0.16828846153846153
3 0.4143393536121673 0.32213461538461535 0.04444866920152091 0.0337948717948718
3 0.4221720532319392 0.27666666666666667 0.041112167300380226 0.06145512820512821
3 0.27071768060836504 0.35358333333333336 0.05901615969581749 0.10951923076923077
1 0.4856986692015209 0.24410256410256412 0.04459125475285171 0.11491666666666667
4 0.4844058935361217 0.5893461538461539 0.06101711026615969 0.17719871794871794
0 0.6819344106463878 0.2312051282051282 0.054453422053231934 0.15837820512820514
2 0.7351663498098859 0.5045064102564102 0.07299429657794677 0.15815384615384614
2 0.8024904942965779 0.41764743589743586 0.06267585551330798 0.1511025641025641
5 0.5535884030418251 0.29686538461538464 0.049662547528517106 0.1371025641025641