2 0.3046577946768061 0.18461538461538463 0.06178707224334601 0.14102564102564102
2 0.6777566539923955 0.16346153846153846 0.06463878326996197 0.08076923076923077
4 0.4838403041825095 0.38333333333333336 0.04752851711026616 0.08974358974358974
0 0.48193916349809884 0.5121794871794871 0.057034220532319393 0.15
5 0.7124524714828897 0.43846153846153846 0.07889733840304182 0.14102564102564102
3 0.5494296577946768 0.25961538461538464 0.04752851711026616 0.11153846153846154
3 0.6753802281368821 0.2621794871794872 0.04657794676806084 0.11153846153846154
3 0.6297528517110266 0.375 0.04467680608365019 0.1141025641025641
12 0.342680608365019 0.36730769230769234 0.0655893536121673 0.12179487179487179
12 0.6226235741444867 0.2878205128205128 0.043726235741444866 0.06794871794871794
12 0.7442965779467681 0.6230769230769231 0.07984790874524715 0.13076923076923078
14 0.1796577946768061 0.7237179487179487 0.10456273764258556 0.16538461538461538
11 0.28279467680608367 0.7185897435897436 0.10171102661596958 0.1576923076923077
14 0.872148288973384 0.725 0.1150190114068441 0.1576923076923077
13 0.4828897338403042 0.7115384615384616 0.057034220532319393 0.17692307692307693