12 0.2652091254752852 0.42948717948717946 0.07604562737642585 0.12051282051282051
12 0.6392585551330798 0.43525641025641026 0.05798479087452472 0.11666666666666667
10 0.30893536121673004 0.5814102564102565 0.0817490494296578 0.1782051282051282
14 0.39543726235741444 0.7051282051282052 0.0779467680608365 0.1564102564102564
14 0.4928707224334601 0.7038461538461539 0.0655893536121673 0.15384615384615385
11 0.5831749049429658 0.7057692307692308 0.05418250950570342 0.16025641025641027
9 0.35218631178707227 0.3403846153846154 0.0655893536121673 0.1576923076923077
13 0.49049429657794674 0.34102564102564104 0.053231939163498096 0.15384615384615385
5 0.2889733840304182 0.28974358974358977 0.057034220532319393 0.13333333333333333
2 0.43250950570342206 0.23333333333333334 0.045627376425855515 0.1358974358974359
2 0.4291825095057034 0.13846153846153847 0.04277566539923954 0.05384615384615385
4 0.49429657794676807 0.17435897435897435 0.039923954372623575 0.1564102564102564
1 0.5522813688212928 0.17307692307692307 0.043726235741444866 0.1641025641025641
0 0.4923954372623574 0.4967948717948718 0.057034220532319393 0.15512820512820513
3 0.5639448669201521 0.3635705128205128 0.047737642585551326 0.11944871794871795
3 0.6245247148288974 0.3032051282051282 0.055133079847908745 0.11153846153846154