11 0.4210551330798479 0.291224358974359 0.04838878326996198 0.14975000000000002
11 0.3191397338403042 0.502698717948718 0.07269011406844106 0.15924358974358974
11 0.27722433460076046 0.7144230769230769 0.10054657794676806 0.15320512820512822
11 0.6492870722433459 0.4973461538461539 0.05808460076045627 0.11328205128205128
12 0.20331273764258553 0.596121794871795 0.06204847908745248 0.09287820512820512
12 0.3954230038022814 0.6165320512820512 0.0660361216730038 0.13296153846153846
12 0.48227186311787074 0.589948717948718 0.051634980988593156 0.0762948717948718
12 0.654458174904943 0.622326923076923 0.07206273764258556 0.1297051282051282
12 0.741972433460076 0.6198910256410256 0.07881653992395438 0.12767307692307692
12 0.5631321292775665 0.5259358974358974 0.05979562737642586 0.1298397435897436
12 0.3450380228136882 0.3682179487179487 0.061131178707224336 0.11512820512820512
2 0.3042490494296578 0.18571794871794872 0.0636977186311787 0.14731410256410257
2 0.6758317490494297 0.16461538461538464 0.049605513307984794 0.07958333333333334
0 0.6078944866920152 0.19269230769230772 0.04625 0.15275
1 0.48632129277566544 0.2682948717948718 0.040798479087452474 0.14224358974358975
3 0.5520484790874525 0.2597628205128205 0.04815114068441065 0.11382692307692308
3 0.6263593155893535 0.3759679487179487 0.055831749049429655 0.11361538461538462
3 0.6756606463878326 0.2588910256410256 0.04926330798479088 0.10357692307692308
5 0.17598859315589352 0.7223782051282052 0.10166349809885931 0.1595897435897436
5 0.8700807984790875 0.7239807692307693 0.11205798479087453 0.1627948717948718
10 0.48609790874524716 0.4806282051282051 0.0550712927756654 0.14136538461538461
13 0.4813117870722433 0.7147435897435898 0.06442965779467681 0.16701923076923078
4 0.4833555133079848 0.3754935897435897 0.05158745247148289 0.07
5 0.7172290874524715 0.43488461538461537 0.06087927756653993 0.1407051282051282