7 0.77009375 0.156546875 0.11160937500000001 0.11695312499999999
0 0.23065625 0.238375 0.10118750000000001 0.11403125
10 0.3206875 0.236515625 0.099703125 0.11328125
11 0.317234375 0.351265625 0.0814375 0.085359375
11 0.467328125 0.546515625 0.06534375 0.084046875
11 0.67353125 0.7323125 0.076234375 0.101671875
11 0.5414375 0.55290625 0.067703125 0.09115625000000001
8 0.24053125 0.4459375 0.098484375 0.0891875
8 0.6126875 0.454453125 0.07575 0.08920312500000001
13 0.473953125 0.356234375 0.069125 0.0839375
5 0.620265625 0.255171875 0.07765625000000001 0.095703125
2 0.2545 0.7434999999999999 0.0989375 0.127453125
4 0.46448437499999995 0.64853125 0.071015625 0.104453125
3 0.321734375 0.63740625 0.06392187499999999 0.095453125
9 0.7615937500000001 0.455875 0.110328125 0.092046875
1 0.39559375 0.35031249999999997 0.07528125 0.098609375
2 0.6834687500000001 0.356890625 0.08759375 0.07976562499999999
3 0.680390625 0.5426875 0.073859375 0.08603125
11 0.5369375 0.73325 0.06534375 0.09978125
6 0.39015625 0.8414531249999999 0.069125 0.136203125
3 0.6039375 0.82725 0.076234375 0.102125