0 0.688640625 0.15518749999999998 0.09590625 0.106296875
10 0.540546875 0.2521875 0.07423437499999999 0.091140625
3 0.544640625 0.148 0.08928125 0.093890625
2 0.39546875 0.24476562500000001 0.0724375 0.10687500000000001
11 0.31770312500000003 0.251390625 0.087796875 0.101390625
11 0.23957812500000003 0.34734375 0.10118750000000001 0.10590625000000001
11 0.3203125 0.44925 0.087046875 0.116375
4 0.388390625 0.3499375 0.09821875 0.0873125
10 0.755390625 0.362015625 0.10006250000000001 0.08275
7 0.6803125 0.45375 0.0868125 0.083734375
8 0.537796875 0.45251562500000003 0.06804687499999999 0.083296875
8 0.31621875 0.6389218750000001 0.09078125000000001 0.120953125
6 0.39054687499999996 0.748765625 0.087625 0.11459375000000001
3 0.392109375 0.639296875 0.072921875 0.097890625
2 0.46743750000000006 0.5491875 0.06775 0.096890625
5 0.750921875 0.55271875 0.0851875 0.085359375
1 0.673921875 0.745265625 0.091890625 0.12242187499999999
11 0.533109375 0.733390625 0.072171875 0.09275
7 0.6075781250000001 0.5478125 0.08053125 0.095078125
11 0.467953125 0.6381249999999999 0.064109375 0.09473437500000001
3 0.674671875 0.6383281249999999 0.06890625 0.091921875