11 0.467609375 0.357796875 0.046890625000000005 0.06693750000000001
11 0.31909375 0.3518125 0.06271875 0.068703125
11 0.46681249999999996 0.5475625 0.049078125 0.07521875
11 0.534265625 0.733015625 0.051390625 0.09571874999999999
11 0.67028125 0.7299375 0.06393750000000001 0.093328125
8 0.609515625 0.451328125 0.065515625 0.074046875
8 0.23776562499999998 0.447328125 0.079671875 0.07553125000000001
12 0.39409375 0.845953125 0.05328125 0.128375
10 0.316359375 0.24040625000000002 0.06637499999999999 0.10490625
13 0.391796875 0.13896875 0.063703125 0.110359375
13 0.69434375 0.1535 0.079859375 0.10725
9 0.757375 0.453890625 0.09796875000000001 0.07728125
2 0.684671875 0.358359375 0.08349999999999999 0.07375000000000001
2 0.24929687500000003 0.7462187499999999 0.074890625 0.114546875
3 0.3244375 0.64375 0.06359375 0.08575
3 0.600890625 0.8246249999999999 0.055859375 0.10279687500000001
3 0.674890625 0.54453125 0.06746875 0.0805
5 0.5429999999999999 0.146609375 0.063171875 0.09914062500000001
4 0.39546875 0.450390625 0.057906250000000006 0.075953125
0 0.23224999999999998 0.24317187499999998 0.08565625 0.09148437499999999
1 0.318546875 0.551765625 0.0764375 0.094984375