11 0.318265625 0.249921875 0.06403125 0.08345312499999999
11 0.24129687500000002 0.3504375 0.07415625 0.075796875
11 0.319546875 0.449796875 0.06478125 0.07478125
11 0.4684375 0.55378125 0.05225 0.063375
11 0.5388437500000001 0.641609375 0.052171875 0.082078125
13 0.614375 0.358609375 0.071484375 0.072546875
13 0.6839999999999999 0.45565625 0.069609375 0.07223437499999999
8 0.604546875 0.643875 0.063578125 0.093453125
8 0.32160937500000003 0.645703125 0.063578125 0.09917187499999999
10 0.539859375 0.453796875 0.048843750000000005 0.080984375
9 0.53846875 0.5524218750000001 0.060328124999999996 0.09098437499999999
12 0.395578125 0.74659375 0.0545625 0.11534375
4 0.46796875 0.35596875 0.051312500000000004 0.07082812499999999
3 0.397578125 0.64215625 0.056765625 0.08853124999999999
3 0.67365625 0.6406562499999999 0.064953125 0.085546875
3 0.53996875 0.258203125 0.05621875 0.076828125
2 0.67634375 0.5496875 0.072125 0.08909375
2 0.469328125 0.24762499999999998 0.054031249999999996 0.093140625
5 0.75271875 0.5514218750000001 0.082203125 0.0871875
0 0.688875 0.25971875 0.07934375 0.081640625
1 0.46743750000000006 0.6486875000000001 0.048484375 0.110515625