2 0.47246875 0.24842187500000001 0.08184375 0.116265625
0 0.6953125 0.258828125 0.078125 0.0954375
10 0.758921875 0.360359375 0.09821875 0.10220312499999999
7 0.6818125 0.45303125 0.09090625 0.092046875
7 0.6216875 0.35481250000000003 0.069125 0.08109374999999999
11 0.242421875 0.348421875 0.094703125 0.09103125
11 0.3215 0.44640625 0.072921875 0.08256250000000001
2 0.467328125 0.44759374999999996 0.06534375 0.08871875
4 0.391578125 0.350546875 0.069125 0.07825
9 0.541671875 0.35339062499999996 0.07575 0.0839375
3 0.5428437500000001 0.253515625 0.064875 0.0905
8 0.610796875 0.548171875 0.07954687499999999 0.0949375
5 0.7559218750000001 0.550546875 0.08759375 0.090203125
8 0.31960937500000003 0.64403125 0.07670312500000001 0.10493749999999999
6 0.392046875 0.749828125 0.0681875 0.11776562500000001
11 0.538828125 0.73184375 0.070078125 0.108296875
1 0.6740468749999999 0.749125 0.088609375 0.1220625
11 0.321734375 0.24665625000000002 0.08096875 0.095703125
3 0.6756562500000001 0.64025 0.0748125 0.09546875
3 0.39346875 0.6435625 0.06534375 0.094515625
11 0.46590625 0.63621875 0.0625 0.10067187500000001