6 0.31103125 0.13496875 0.0745 0.12890625
3 0.474703125 0.15209375 0.0863125 0.11695312499999999
7 0.7674218749999999 0.159 0.094359375 0.10870312499999998
1 0.22990624999999998 0.23725000000000002 0.11160937500000001 0.10287500000000001
11 0.6171875 0.25696875 0.08259375 0.103625
11 0.32515625 0.35217187499999997 0.099703125 0.09178125000000001
0 0.5465 0.35440625 0.09003125 0.0873125
4 0.23332812500000003 0.44921875 0.09668750000000001 0.078828125
10 0.61346875 0.450359375 0.098953125 0.09182812500000001
3 0.40549999999999997 0.5463125 0.099703125 0.08742187500000001
11 0.539296875 0.54628125 0.063453125 0.076
3 0.680390625 0.551734375 0.07670312500000001 0.096359375
2 0.24317187499999998 0.7418750000000001 0.097484375 0.125296875
9 0.3929375 0.750296875 0.070078125 0.125546875
8 0.6785 0.7403593749999999 0.091859375 0.12534375
5 0.53565625 0.8315468750000001 0.06073437499999999 0.12675