13 0.683703125 0.454453125 0.075296875 0.07846875
13 0.608765625 0.549875 0.06489062500000001 0.0871875
9 0.61575 0.357703125 0.074265625 0.074
0 0.688484375 0.3564375 0.068734375 0.077234375
10 0.763765625 0.361140625 0.0786875 0.0705
4 0.46753125000000006 0.354625 0.051171875 0.07079687500000001
2 0.467609375 0.549203125 0.051328125 0.086328125
2 0.39449999999999996 0.34953124999999996 0.057406250000000006 0.0775
3 0.536609375 0.54934375 0.05265625 0.069703125
3 0.7538750000000001 0.455046875 0.062796875 0.06465625
3 0.39659374999999997 0.641921875 0.052500000000000005 0.088234375
1 0.60784375 0.64915625 0.07384375 0.10124999999999999
5 0.611421875 0.454 0.064578125 0.074078125
5 0.53290625 0.731671875 0.050828125 0.09459375
11 0.397796875 0.450359375 0.051703125 0.069015625
11 0.39665625000000004 0.5451718750000001 0.052828125000000004 0.0795
11 0.466828125 0.639734375 0.049859375 0.0860625
11 0.32125 0.44762500000000005 0.062390625 0.0720625
8 0.537921875 0.45237499999999997 0.053828125000000004 0.069625
8 0.321640625 0.549828125 0.069984375 0.08540624999999999
12 0.39340625 0.74675 0.061046875 0.114109375