5 0.31696875 0.24878125 0.08928125 0.1110625
13 0.3980625 0.24990625 0.078875 0.104359375
9 0.694796875 0.25568749999999996 0.110421875 0.099046875
11 0.24167187499999998 0.45093750000000005 0.091671875 0.077296875
11 0.469796875 0.450671875 0.066671875 0.0871875
0 0.619796875 0.36059375 0.072921875 0.07984375
2 0.5390625 0.354609375 0.078125 0.0949375
10 0.76328125 0.357734375 0.1015625 0.0886875
7 0.753390625 0.546078125 0.079703125 0.101
8 0.609640625 0.5483125 0.07760937500000001 0.095046875
8 0.31770312500000003 0.548828125 0.077078125 0.100265625
2 0.46848437499999995 0.54465625 0.084890625 0.08359375
1 0.6085625 0.6520312500000001 0.073390625 0.10259375
6 0.539578125 0.74409375 0.07082812499999999 0.12225
3 0.540109375 0.4525 0.063546875 0.080421875
11 0.676203125 0.543421875 0.067 0.0894375
11 0.321359375 0.6425468750000001 0.076046875 0.09406250000000001
3 0.401296875 0.6396875 0.075515625 0.109171875
11 0.46848437499999995 0.640984375 0.066140625 0.0846875
3 0.6796875 0.739390625 0.078125 0.08787500000000001
4 0.540625 0.25379687500000003 0.078265625 0.09209375