11 0.321359375 0.25125000000000003 0.082296875 0.09228125000000001
11 0.24140625 0.35096875 0.0890625 0.089734375
11 0.31770312500000003 0.4446875 0.083328125 0.08978125
8 0.319796875 0.645671875 0.08542187500000001 0.11281250000000001
4 0.467703125 0.35565625 0.07082812499999999 0.086609375
2 0.47223437500000004 0.248359375 0.055546874999999996 0.0988125
3 0.5487031250000001 0.2588125 0.074484375 0.092796875
0 0.690203125 0.2566875 0.083078125 0.09053125
3 0.4 0.6425468750000001 0.06875 0.09406250000000001
1 0.470578125 0.65478125 0.074484375 0.11021875
12 0.392671875 0.746453125 0.06253125000000001 0.12071875000000001
8 0.606515625 0.639953125 0.06509374999999999 0.105515625
11 0.542453125 0.637859375 0.061984375 0.0909375
11 0.538015625 0.7347187500000001 0.073953125 0.1035
3 0.6778593749999999 0.64540625 0.07864062499999999 0.09146875
5 0.7544531250000001 0.5485625 0.07975 0.09765625
2 0.6769999999999999 0.549828125 0.079 0.09603125
7 0.618234375 0.3598125 0.088546875 0.09078125000000001
7 0.69140625 0.45667187499999995 0.0890625 0.08459375
10 0.609375 0.4525 0.06875 0.086671875
9 0.540109375 0.45406250000000004 0.088546875 0.096046875