11 0.5374531250000001 0.355828125 0.05375 0.076
11 0.536265625 0.54840625 0.053734375 0.07725
3 0.470109375 0.256 0.046125 0.07646875
3 0.6759999999999999 0.546921875 0.06415625 0.075921875
3 0.32325 0.740734375 0.06103125 0.10109375000000001
5 0.23307812499999997 0.2421875 0.085203125 0.09246875
13 0.31506249999999997 0.139125 0.07271875 0.10689062499999999
1 0.393265625 0.35015625 0.062703125 0.07182812499999999
2 0.5354375 0.642859375 0.054328125000000005 0.0938125
4 0.60946875 0.45290625 0.07409375 0.076828125
0 0.61415625 0.257 0.06540625 0.08196875
11 0.750015625 0.45184375 0.07646875 0.0706875
9 0.695265625 0.15235937500000002 0.091296875 0.1133125
8 0.535171875 0.8343906249999999 0.055796875 0.122
12 0.6780468749999999 0.741671875 0.07690625 0.117015625
10 0.39165625 0.54678125 0.0615 0.08010937500000001