9 0.617578125 0.25851562499999997 0.072 0.088078125
13 0.31215625 0.137359375 0.07471875 0.106625
11 0.32084375 0.35348437499999996 0.06421875 0.0729375
11 0.535921875 0.547328125 0.0546875 0.078375
11 0.6793125 0.453921875 0.07078124999999999 0.0753125
8 0.53378125 0.8346718750000001 0.053703125 0.123171875
10 0.394109375 0.548078125 0.061453125 0.08315625
12 0.67678125 0.743203125 0.080484375 0.119046875
4 0.6155 0.3579375 0.069484375 0.070375
3 0.46834375 0.45285937499999995 0.05078125 0.0715625
3 0.541875 0.15432812499999998 0.055109375 0.09132812500000001
3 0.46526562499999996 0.73565625 0.051203125 0.09903125
0 0.32265625 0.647953125 0.066203125 0.095890625
5 0.234375 0.242296875 0.084875 0.093359375
2 0.6796562500000001 0.640703125 0.07640625 0.092890625
1 0.23471875 0.44699999999999995 0.09375 0.079515625