11 0.5358125 0.546953125 0.05421875 0.07535937499999999
11 0.7498437499999999 0.45428125 0.0758125 0.07257812500000001
11 0.321796875 0.35271875 0.0643125 0.07390624999999999
13 0.695609375 0.1524375 0.081734375 0.10171875
12 0.31253125000000004 0.13218749999999999 0.077421875 0.11474999999999999
9 0.3941875 0.7519218750000001 0.058171875 0.12021875
8 0.674828125 0.737078125 0.0718125 0.1075625
10 0.686796875 0.361328125 0.078703125 0.076515625
3 0.395859375 0.44790625000000006 0.054234375 0.074421875
3 0.396875 0.5452343749999999 0.0538125 0.076796875
3 0.46870312500000005 0.149046875 0.05387499999999999 0.090078125
1 0.60809375 0.6458437499999999 0.06979687500000001 0.105203125
2 0.241921875 0.746140625 0.08709375 0.106203125
0 0.539578125 0.352078125 0.056874999999999995 0.072625
4 0.23478125 0.44871875 0.08985937499999999 0.078484375
5 0.233875 0.241359375 0.085609375 0.08971875