2 0.472078125 0.24817187500000001 0.07265625 0.09506250000000001
4 0.469703125 0.35765625 0.06628125 0.08678125
7 0.54475 0.35315625 0.0724375 0.08725000000000001
7 0.620265625 0.4535 0.06628125 0.074046875
0 0.615765625 0.356703125 0.0724375 0.082984375
11 0.31439062500000003 0.44829687500000004 0.087125 0.08446875000000001
11 0.399625 0.4459375 0.07575 0.0891875
3 0.47229687499999995 0.45373437499999997 0.069609375 0.08209375
10 0.54475 0.45043749999999994 0.078125 0.09440625
5 0.6931875 0.45184375 0.07954687499999999 0.0915625
8 0.32292187499999997 0.54746875 0.092796875 0.0991875
11 0.39914062499999997 0.54509375 0.07670312500000001 0.086890625
11 0.46898437499999995 0.547703125 0.070546875 0.090203125
9 0.547828125 0.552203125 0.086171875 0.10109375000000001
2 0.60984375 0.5458125 0.07575 0.099671875
3 0.394890625 0.642375 0.0681875 0.094046875
1 0.46828125 0.653265625 0.069125 0.11203125
11 0.53740625 0.64284375 0.072921875 0.104453125
8 0.61553125 0.6433125000000001 0.0814375 0.097828125
3 0.6856093750000001 0.6456875 0.07765625000000001 0.09878125
6 0.39323437499999997 0.751953125 0.07434375 0.12771875