3 0.5409531249999999 0.153765625 0.05795312500000001 0.0891875
3 0.46832812500000004 0.44992187499999997 0.049109375 0.07265625
3 0.4648125 0.73659375 0.051968749999999994 0.10040625
0 0.32018749999999996 0.6478125 0.06515625 0.096828125
5 0.23317187499999997 0.24151562499999998 0.08284375000000001 0.090734375
2 0.67825 0.64125 0.075578125 0.091578125
1 0.23559375 0.44820312500000004 0.091734375 0.077125
4 0.614421875 0.3575625 0.07046875 0.071765625
11 0.31953125 0.35350000000000004 0.065828125 0.071546875
11 0.53659375 0.5470937499999999 0.055171875 0.07721875
11 0.677171875 0.455484375 0.069484375 0.07190625
9 0.61871875 0.25784375000000004 0.07315625 0.089765625
10 0.395890625 0.549015625 0.0636875 0.085046875
8 0.5331718750000001 0.8349062500000001 0.052296875 0.12310937500000001
12 0.678671875 0.7444375 0.080375 0.116234375
13 0.31490625 0.1390625 0.07634375 0.10918749999999999