11 0.466734375 0.547484375 0.04790625 0.072203125
11 0.46675000000000005 0.356265625 0.047375 0.06576562500000001
11 0.32003125 0.352640625 0.06171875 0.07009375
11 0.5329375 0.7324375 0.051234375 0.09603125
11 0.66996875 0.731578125 0.06489062500000001 0.092625
8 0.608859375 0.45125000000000004 0.06571875 0.071234375
8 0.237984375 0.44681249999999995 0.08446875000000001 0.0740625
12 0.393375 0.84434375 0.05384375 0.134265625
9 0.75909375 0.45803125 0.09525 0.07696875
13 0.6940625 0.154296875 0.08215625 0.099109375
13 0.3928125 0.139515625 0.060515624999999997 0.108546875
10 0.31453125000000004 0.2403125 0.067671875 0.099609375
5 0.546046875 0.1471875 0.057046875 0.10049999999999999
3 0.324546875 0.644828125 0.066265625 0.0823125
3 0.5994843750000001 0.8244374999999999 0.060625 0.10225
3 0.6738593749999999 0.5449375 0.0670625 0.07928125
2 0.6869375 0.354015625 0.08153125 0.06778125
2 0.250796875 0.746921875 0.07470312500000001 0.11871875000000001
1 0.318359375 0.552109375 0.0726875 0.093609375
4 0.39437500000000003 0.45056250000000003 0.059750000000000004 0.07570312500000001
0 0.23314062500000002 0.24126562499999998 0.08228125 0.087890625