3 0.46759375 0.256390625 0.051000000000000004 0.07809374999999999
3 0.3974375 0.45103125000000005 0.053171875 0.075578125
3 0.67509375 0.546015625 0.06584375 0.079078125
0 0.608703125 0.45059375 0.065046875 0.076796875
5 0.23381249999999998 0.24234375 0.0841875 0.09190625
4 0.234921875 0.447734375 0.088515625 0.07734375
2 0.394875 0.7400625 0.060609375 0.11100000000000002
1 0.60821875 0.6467968749999999 0.072453125 0.106734375
8 0.5352812499999999 0.833234375 0.05228125 0.125515625
10 0.466578125 0.644046875 0.055281250000000004 0.09284375
13 0.695765625 0.1534375 0.077828125 0.1005625
11 0.319875 0.352203125 0.063078125 0.076953125
11 0.749640625 0.454609375 0.074546875 0.07225000000000001
11 0.535078125 0.5459375 0.053984374999999994 0.078921875
9 0.46681249999999996 0.45334375 0.053625 0.080203125
6 0.6181875 0.25925 0.07353125 0.08592187500000001