2 0.46842187500000004 0.24681250000000002 0.07403125 0.097484375
4 0.466890625 0.355515625 0.07960937500000001 0.080625
5 0.55134375 0.358875 0.075890625 0.09625
0 0.616953125 0.356 0.072921875 0.08725000000000001
11 0.32220312500000003 0.447359375 0.085703125 0.09203125
11 0.39773437500000003 0.451609375 0.0681875 0.08351562500000001
11 0.47159375 0.551015625 0.0681875 0.08925
11 0.397015625 0.547703125 0.066765625 0.07884375
11 0.5390625 0.64615625 0.066765625 0.08646875000000001
3 0.47348437499999996 0.4525625 0.064390625 0.081625
10 0.53953125 0.4501875 0.0715 0.103390625
8 0.3215 0.548359375 0.07573437499999999 0.09625
8 0.614109375 0.6433125000000001 0.067234375 0.097828125
12 0.397296875 0.7480625 0.064109375 0.11612499999999999
5 0.68703125 0.453984375 0.0805 0.090140625
7 0.615765625 0.4501875 0.0724375 0.086359375
1 0.47112499999999996 0.6535 0.063453125 0.10304687500000001
3 0.39631249999999996 0.648046875 0.06534375 0.08835937499999999
3 0.675765625 0.645734375 0.063671875 0.089421875
2 0.610328125 0.547703125 0.0805 0.095875
9 0.5367031250000001 0.5507187499999999 0.0715 0.10190625