7 0.695828125 0.15228124999999998 0.10207812499999999 0.112109375
6 0.617453125 0.25615625 0.086984375 0.094984375
5 0.23332812500000003 0.2395 0.10207812499999999 0.103296875
0 0.313015625 0.133015625 0.08645312499999999 0.113125
3 0.473953125 0.252515625 0.077078125 0.09601562500000001
3 0.398171875 0.14265624999999998 0.088015625 0.1095
11 0.31770312500000003 0.349875 0.083328125 0.08253125
4 0.23332812500000003 0.4490625 0.108328125 0.08728125
11 0.750515625 0.45218749999999996 0.080203125 0.08103125
11 0.5411406249999999 0.54825 0.061453125 0.07953125
3 0.67578125 0.54878125 0.0765625 0.084734375
9 0.46510937500000005 0.44992187499999997 0.076046875 0.08559375
10 0.46875 0.6425625 0.075 0.10028125000000002
8 0.5390625 0.83575 0.078125 0.126421875
2 0.39660937500000004 0.742015625 0.07864062499999999 0.120125
1 0.616140625 0.6558437500000001 0.08645312499999999 0.10809375000000002