4 0.4707984790874524 0.3481666666666667 0.06918250950570343 0.0871346153846154
2 0.38999999999999996 0.34461538461538466 0.07868821292775666 0.11134615384615384
9 0.6199809885931559 0.3581410256410257 0.09716730038022814 0.10138461538461538
0 0.6939163498098859 0.36169871794871794 0.06971007604562737 0.10280769230769231
10 0.7615114068441065 0.35849358974358975 0.08660646387832699 0.09639743589743589
11 0.3192347908745247 0.4450064102564103 0.07446292775665399 0.0985897435897436
11 0.39448669201520914 0.4471410256410256 0.0728754752851711 0.09431410256410257
8 0.5399762357414448 0.44571794871794873 0.07023764258555133 0.09716025641025641
5 0.6181368821292775 0.45283974358974355 0.07234790874524714 0.08292948717948719
7 0.6891634980988594 0.44963461538461535 0.09188688212927758 0.09360256410256411
3 0.7649429657794677 0.45568589743589744 0.0829087452471483 0.0943205128205128
8 0.3287404942965779 0.5468333333333333 0.09347433460076045 0.10861538461538461
11 0.39580798479087453 0.5446923076923077 0.0607319391634981 0.08725000000000001
2 0.47475760456273763 0.5461217948717949 0.07710076045627376 0.11003846153846153
3 0.5452566539923954 0.5496794871794872 0.06601235741444866 0.08583333333333333
7 0.618925855513308 0.5489679487179487 0.08660646387832699 0.08725641025641026
3 0.3971292775665399 0.6422435897435897 0.07393536121673004 0.08873076923076922
11 0.4715874524714829 0.6450897435897436 0.07076520912547528 0.08303846153846153
1 0.613911596958175 0.6532820512820513 0.08713403041825096 0.10511538461538461
11 0.5409030418250951 0.7336538461538461 0.0620532319391635 0.10605128205128204
12 0.3987119771863118 0.750275641025641 0.06918250950570343 0.1219551282051282