11 0.3181036121673004 0.2471602564102564 0.0658555133079848 0.08257051282051282
11 0.2424429657794677 0.3498782051282051 0.07375950570342205 0.07967307692307693
11 0.3204610266159696 0.4474615384615384 0.06582224334600761 0.0729102564102564
11 0.4683507604562738 0.5451923076923076 0.051625475285171106 0.07800641025641025
11 0.5350903041825095 0.6470769230769231 0.05544201520912548 0.07632692307692307
13 0.6165969581749049 0.3582051282051282 0.06635931558935361 0.07937820512820512
13 0.6842538022813689 0.4543397435897436 0.06859790874524715 0.0770576923076923
8 0.3213593155893536 0.6481410256410256 0.06524239543726236 0.09606410256410257
8 0.6072338403041825 0.6443589743589744 0.061896387832699615 0.09811538461538462
10 0.53875 0.45503846153846156 0.046126425855513305 0.08066666666666666
10 0.3943963878326996 0.7483205128205129 0.05447718631178707 0.11693589743589743
4 0.4688022813688213 0.3553205128205128 0.05119296577946768 0.07452564102564103
3 0.39678707224334603 0.641576923076923 0.054505703422053235 0.09255128205128205
3 0.540346958174905 0.2574679487179487 0.054938212927756656 0.08075
3 0.6730133079847909 0.6420128205128205 0.06512832699619772 0.08675000000000001
2 0.6777328897338403 0.5497564102564103 0.06744296577946768 0.09480769230769232
2 0.470361216730038 0.2446730769230769 0.04990494296577947 0.09447435897435898
0 0.6902091254752852 0.2583846153846154 0.07813688212927757 0.08578205128205128
5 0.7516634980988594 0.5517051282051282 0.07984315589353612 0.08909615384615385
9 0.5378184410646387 0.5525 0.05852186311787072 0.09389102564102564
1 0.4685408745247148 0.6491089743589744 0.05285171102661597 0.10525641025641025