1 0.2314638783269962 0.23974358974358975 0.0903041825095057 0.09230769230769231
4 0.23859315589353614 0.4480769230769231 0.08745247148288973 0.0782051282051282
2 0.24477186311787072 0.7448717948717949 0.0903041825095057 0.11538461538461539
5 0.535171102661597 0.8352564102564103 0.058935361216730035 0.10897435897435898
3 0.6753802281368821 0.5435897435897435 0.06178707224334601 0.07948717948717948
3 0.39638783269961975 0.5467948717948717 0.045627376425855515 0.07307692307692308
3 0.469106463878327 0.15 0.04847908745247148 0.08974358974358974
0 0.5380228136882129 0.3564102564102564 0.055133079847908745 0.06923076923076923
9 0.3925855513307985 0.7519230769230769 0.053231939163498096 0.11923076923076924
11 0.5356463878326996 0.5461538461538461 0.05988593155893536 0.07435897435897436
11 0.31701520912547526 0.3544871794871795 0.06368821292775666 0.0782051282051282
11 0.6126425855513308 0.25961538461538464 0.06178707224334601 0.07564102564102564
12 0.3122623574144487 0.13525641025641025 0.07509505703422054 0.11666666666666667
13 0.7685361216730038 0.15833333333333333 0.09220532319391635 0.10128205128205128
10 0.6116920152091255 0.45 0.06939163498098859 0.06923076923076923
8 0.6768060836501901 0.7391025641025641 0.07034220532319392 0.09871794871794871