0 0.23330798479087453 0.2407371794871795 0.08624524714828898 0.0917051282051282
10 0.31745247148288974 0.23957051282051284 0.06931083650190115 0.10093589743589744
13 0.3926093155893536 0.14032051282051283 0.06738593155893537 0.10756410256410256
5 0.5430038022813688 0.14894230769230768 0.06656368821292777 0.10878205128205128
13 0.6944486692015208 0.15437179487179487 0.0821055133079848 0.10361538461538461
2 0.6851378326996198 0.3608397435897436 0.08409220532319392 0.0774423076923077
9 0.758217680608365 0.45694871794871794 0.09953422053231939 0.07735256410256411
3 0.6727281368821293 0.5451025641025641 0.06851235741444867 0.07966666666666666
8 0.6084790874524715 0.4515769230769231 0.06868346007604563 0.07761538461538461
11 0.6704942965779468 0.7309743589743589 0.06642585551330799 0.09523717948717948
11 0.5327043726235742 0.7328910256410256 0.05335551330798479 0.09592948717948718
3 0.5993583650190114 0.8245833333333332 0.05990019011406844 0.10417948717948719
11 0.4669439163498099 0.5474358974358975 0.04838878326996198 0.07301923076923077
12 0.3956606463878327 0.8425641025641026 0.057409695817490496 0.1346025641025641
11 0.467680608365019 0.3576923076923077 0.05251425855513308 0.06923717948717949
11 0.32090779467680614 0.3523525641025641 0.06564638783269962 0.07247435897435897
8 0.23878326996197718 0.4480128205128205 0.08488117870722434 0.07517948717948718
1 0.318578897338403 0.5529230769230769 0.07329847908745248 0.09524358974358975
4 0.3946815589353612 0.4506730769230769 0.05880703422053232 0.0749102564102564
3 0.32400190114068445 0.6460320512820512 0.06512832699619772 0.0855576923076923
2 0.24940589353612166 0.7467051282051281 0.07256178707224334 0.11658333333333333