13 0.7701425855513309 0.15555128205128205 0.08434410646387833 0.09759615384615385
13 0.4680085551330799 0.2520320512820513 0.05435361216730038 0.0891025641025641
11 0.3166920152091255 0.14109615384615384 0.06540874524714829 0.098
11 0.23675380228136883 0.2461282051282051 0.07486692015209126 0.08411538461538462
11 0.24483365019011408 0.547923076923077 0.07378802281368821 0.08152564102564103
11 0.46768536121673004 0.5475961538461539 0.04999524714828897 0.07713461538461538
11 0.5358650190114068 0.6404807692307692 0.05269961977186312 0.08341025641025641
10 0.6083745247148289 0.455801282051282 0.05692490494296578 0.08533333333333333
8 0.7605846007604563 0.36364102564102563 0.08486216730038024 0.07482051282051282
8 0.7484030418250951 0.6458397435897436 0.08322718631178708 0.09227564102564102
12 0.3929039923954372 0.8434487179487179 0.05258079847908745 0.13606410256410256
9 0.4656083650190114 0.4512435897435898 0.05490494296577947 0.07622435897435897
2 0.6792490494296578 0.544724358974359 0.0745009505703422 0.07672435897435897
2 0.24870722433460074 0.7474294871794872 0.07331749049429657 0.11873076923076924
4 0.3149762357414449 0.34887179487179487 0.07464353612167302 0.07372435897435897
5 0.691245247148289 0.2589166666666667 0.07973859315589354 0.08025641025641025
3 0.5402661596958175 0.35518589743589746 0.05192015209125475 0.07054487179487179
1 0.5367110266159696 0.7472051282051283 0.05887357414448669 0.11511538461538462
3 0.46492395437262357 0.7332884615384616 0.05119296577946768 0.09991666666666667
3 0.6009315589353612 0.8250320512820513 0.058445817490494295 0.1096025641025641
0 0.7449904942965779 0.7431538461538462 0.07944866920152091 0.09626282051282051