2 0.3937357414448669 0.3496538461538462 0.06406844106463878 0.07323717948717949
3 0.3972148288973384 0.5456089743589744 0.05749524714828897 0.08178205128205128
1 0.22956273764258556 0.2378333333333333 0.09577471482889734 0.09382051282051283
3 0.6762785171102662 0.5471666666666667 0.06403992395437262 0.0788076923076923
4 0.23472433460076048 0.4502564102564102 0.09171102661596958 0.07637820512820513
3 0.4684980988593156 0.1512628205128205 0.055556083650190116 0.09169871794871795
0 0.758559885931559 0.3589615384615385 0.08818916349809887 0.07131410256410256
11 0.612343155893536 0.26125 0.06352661596958174 0.08237820512820512
11 0.5334933460076046 0.7332692307692308 0.05558460076045627 0.09555128205128205
11 0.3199572243346008 0.35286538461538464 0.06498574144486692 0.07204487179487179
5 0.5335693916349811 0.8383653846153846 0.06161121673003802 0.10951923076923077
10 0.31168726235741445 0.13390384615384615 0.07724334600760457 0.11316666666666667
12 0.39571768060836504 0.7472628205128206 0.05696768060836502 0.11797435897435897
8 0.5376948669201521 0.5497435897435897 0.058702471482889734 0.08508333333333333
9 0.6779467680608365 0.7464038461538463 0.08340779467680609 0.12116666666666667
13 0.7677186311787072 0.15686538461538463 0.09379277566539924 0.10050641025641024