7 0.76837927756654 0.15663461538461537 0.11089828897338404 0.1083846153846154
3 0.6162880228136882 0.15342948717948718 0.0728754752851711 0.11051923076923077
11 0.6110076045627376 0.2584551282051282 0.07710076045627376 0.09278205128205129
0 0.235 0.23923076923076922 0.1003374524714829 0.11413461538461539
2 0.6809790874524715 0.3560064102564103 0.08607889733840304 0.10280769230769231
11 0.4663070342205323 0.3560064102564103 0.08132604562737643 0.10280769230769231
11 0.31976235741444864 0.35173076923076924 0.08607889733840304 0.09426282051282052
8 0.23869771863117872 0.445724358974359 0.09928231939163497 0.11140384615384614
3 0.32055133079847914 0.6436666666666667 0.08132604562737643 0.10012820512820512
1 0.39554182509505703 0.5454102564102564 0.08977661596958174 0.10861538461538461
4 0.6157604562737642 0.6522179487179487 0.08660646387832699 0.10867307692307693
6 0.3934315589353612 0.8412692307692309 0.08132604562737643 0.1451025641025641
5 0.5368060836501901 0.8412628205128204 0.0829087452471483 0.1280128205128205
9 0.6833555133079848 0.7511923076923076 0.08449619771863118 0.1329423076923077
11 0.5331131178707225 0.7284038461538461 0.06495722433460076 0.1016025641025641
3 0.6767538022813688 0.5439807692307692 0.06918250950570343 0.08582692307692306
10 0.5381273764258555 0.5461217948717949 0.07076520912547528 0.0986474358974359
8 0.6107414448669202 0.45283974358974355 0.08079847908745247 0.09716666666666668