5 0.4696958174904943 0.25148076923076923 0.05312262357414448 0.08675000000000001
4 0.5434125475285171 0.2533397435897436 0.06271863117870723 0.08785897435897436
9 0.6200522813688213 0.2553141025641026 0.07530893536121673 0.0866025641025641
0 0.6870912547528517 0.3605641025641026 0.07335551330798479 0.06688461538461539
10 0.7644249049429658 0.3610448717948718 0.07877376425855513 0.07174358974358974
8 0.5392300380228137 0.356974358974359 0.05951520912547528 0.07010897435897437
2 0.46840304182509507 0.34951923076923075 0.05168250950570342 0.08121153846153846
13 0.39296102661596954 0.35373076923076924 0.05984790874524715 0.07533333333333334
11 0.32047528517110263 0.3524615384615385 0.06714353612167301 0.06888461538461538
11 0.39755703422053235 0.4499166666666667 0.0545009505703422 0.07129487179487179
2 0.5403184410646388 0.44905769230769227 0.05829847908745247 0.06698076923076923
3 0.6089686311787073 0.45265384615384613 0.05697718631178707 0.06376923076923077
13 0.6836692015209126 0.45550641025641025 0.07730513307984792 0.06946794871794872
1 0.6843726235741445 0.5521858974358974 0.08168726235741446 0.09225
8 0.32057509505703424 0.5491089743589743 0.07023288973384031 0.0862948717948718
11 0.3972053231939164 0.5451730769230769 0.05279942965779468 0.07896153846153847
3 0.39663973384030415 0.6424102564102564 0.05456273764258555 0.08869871794871795
11 0.4662927756653993 0.6390128205128205 0.051135931558935366 0.08660897435897437
12 0.5381226235741445 0.6485 0.058830798479087454 0.10383333333333333
11 0.6040494296577947 0.6378653846153847 0.05910171102661597 0.08348076923076922
3 0.6720817490494296 0.640775641025641 0.06673003802281369 0.08285897435897435