11 0.24158269961977188 0.34782051282051285 0.07442015209125476 0.08196794871794873
11 0.3186501901140685 0.24753846153846157 0.06457699619771863 0.08652564102564102
11 0.3224619771863118 0.4468333333333333 0.0626948669201521 0.07807051282051282
11 0.4673003802281369 0.639147435897436 0.05056558935361217 0.0876923076923077
11 0.5341254752851711 0.7325448717948718 0.05350760456273764 0.0982051282051282
11 0.39168250950570344 0.3506474358974359 0.056173954372623576 0.07800641025641025
2 0.4704182509505703 0.24461538461538462 0.052053231939163495 0.09350641025641027
2 0.46917775665399236 0.45242307692307693 0.05670152091254753 0.08283333333333333
0 0.6891207224334601 0.2591025641025641 0.07767585551330798 0.08721794871794872
3 0.6718963878326997 0.6394679487179488 0.06527091254752852 0.08833333333333335
3 0.5404467680608365 0.25614102564102564 0.05427281368821293 0.07808974358974359
3 0.39519961977186313 0.6421666666666667 0.05370247148288973 0.09053205128205127
13 0.6159410646387833 0.3577179487179487 0.0650522813688213 0.06971153846153846
13 0.6819011406844107 0.45660256410256406 0.07339828897338403 0.07631410256410256
8 0.6087214828897338 0.5482435897435898 0.06249049429657794 0.08858333333333333
8 0.32037072243346004 0.6467564102564103 0.0656416349809886 0.0997051282051282
12 0.39419201520912545 0.7465448717948717 0.05406368821292776 0.11338461538461538
10 0.7597576045627377 0.360525641025641 0.08414923954372625 0.07852564102564102
9 0.5408507604562738 0.354698717948718 0.059287072243346006 0.07466666666666667
5 0.7504610266159696 0.551775641025641 0.08243346007604563 0.08867307692307694
1 0.6775 0.7475064102564102 0.08020437262357415 0.11738461538461539