2 0.4752851711026616 0.24919871794871795 0.07604562737642585 0.10559615384615384
2 0.6107414448669202 0.5511025641025641 0.07446292775665399 0.10007051282051282
7 0.544995247148289 0.35635897435897435 0.06971007604562737 0.08358333333333333
7 0.6131178707224335 0.4507051282051282 0.0728754752851711 0.08719871794871795
12 0.39923954372623577 0.7540384615384615 0.07604562737642585 0.12155128205128206
8 0.6094201520912548 0.6458076923076923 0.07393536121673004 0.0987051282051282
8 0.3189686311787072 0.5500384615384615 0.08449619771863118 0.10648076923076924
11 0.3981844106463878 0.4507051282051282 0.0718203422053232 0.09574358974358975
11 0.39633555133079845 0.5546602564102564 0.07234790874524714 0.0929551282051282
11 0.3163307984790874 0.4421602564102564 0.08344106463878327 0.0871923076923077
1 0.4715874524714829 0.6522179487179487 0.06442965779467681 0.11152564102564103
4 0.46842205323193914 0.3538653846153846 0.07076520912547528 0.10138461538461538
11 0.5423526615969582 0.6465192307692308 0.06231463878326997 0.09728205128205128
11 0.4715874524714829 0.5454038461538462 0.06442965779467681 0.08582692307692306
3 0.47423003802281366 0.45391025641025645 0.0718203422053232 0.08506410256410256
5 0.6875807984790875 0.45498076923076924 0.08238117870722433 0.10428846153846154
3 0.6791302281368822 0.6390384615384616 0.07393536121673004 0.09941025641025641
3 0.39316539923954374 0.644025641025641 0.07868821292775666 0.08944871794871795
0 0.6173431558935362 0.35457692307692307 0.07710076045627376 0.09141666666666667
10 0.543407794676806 0.4546217948717949 0.06653992395437262 0.08364102564102563
9 0.5442015209125475 0.5503910256410256 0.08713403041825096 0.09294871794871795