0 0.2332889733840304 0.2423525641025641 0.08498098859315589 0.08898076923076924
3 0.6162119771863118 0.1561602564102564 0.06451520912547529 0.09359615384615384
2 0.6856273764258555 0.36154487179487177 0.07586501901140684 0.07137179487179487
1 0.3950998098859315 0.5515384615384615 0.05889733840304182 0.0914551282051282
3 0.6757794676806084 0.5466025641025641 0.0631083650190114 0.07783333333333334
3 0.3256844106463878 0.6414294871794872 0.06622148288973384 0.09499358974358975
8 0.23817015209125475 0.45 0.08347433460076045 0.07610256410256411
4 0.6098716730038023 0.6460320512820512 0.06422528517110265 0.09712179487179487
12 0.3952614068441065 0.8422884615384616 0.06097433460076045 0.13417948717948716
8 0.6093773764258555 0.4547307692307692 0.06500475285171103 0.07713461538461538
9 0.6787785171102662 0.7492051282051282 0.07786121673003801 0.11775641025641025
5 0.5352756653992395 0.8377435897435899 0.05718631178707224 0.1071923076923077
11 0.5331844106463878 0.733474358974359 0.05857889733840304 0.09932051282051282
13 0.7691349809885931 0.15680128205128205 0.0909648288973384 0.10273717948717949
11 0.3203374524714829 0.35298717948717945 0.06562262357414449 0.07445512820512822
11 0.611962927756654 0.2621025641025641 0.06297053231939163 0.08178205128205128
10 0.5368773764258554 0.5505705128205128 0.058307984790874526 0.08417307692307692
11 0.4681844106463878 0.35791666666666666 0.05525190114068441 0.0719551282051282