5 0.23336501901140685 0.2403846153846154 0.08460076045627377 0.08333333333333333
0 0.31368821292775667 0.13974358974358975 0.07034220532319392 0.1076923076923077
1 0.6131178707224335 0.6493589743589744 0.07224334600760456 0.10384615384615385
2 0.39781368821292773 0.7378205128205129 0.06368821292775666 0.10384615384615385
3 0.3973384030418251 0.14871794871794872 0.058935361216730035 0.1
3 0.4681558935361217 0.25384615384615383 0.05038022813688213 0.06923076923076923
3 0.6772813688212928 0.5480769230769231 0.05988593155893536 0.08333333333333333
4 0.2352661596958175 0.45 0.08460076045627377 0.06666666666666667
12 0.6169201520912547 0.25833333333333336 0.07034220532319392 0.08333333333333333
11 0.7452471482889734 0.4551282051282051 0.07604562737642585 0.06666666666666667
11 0.5361216730038023 0.5474358974358975 0.055133079847908745 0.07179487179487179
11 0.32224334600760457 0.3564102564102564 0.06463878326996197 0.0641025641025641
10 0.4700570342205323 0.6455128205128206 0.05798479087452472 0.09102564102564102
9 0.4605513307984791 0.4519230769230769 0.05988593155893536 0.07307692307692308
8 0.5332699619771863 0.8346153846153846 0.057034220532319393 0.12307692307692308
13 0.6958174904942965 0.15512820512820513 0.07984790874524715 0.09230769230769231