11 0.3217680608365019 0.3544871794871795 0.06178707224334601 0.07051282051282051
11 0.5365969581749049 0.5487179487179488 0.05228136882129278 0.08205128205128205
11 0.6791825095057035 0.4532051282051282 0.06749049429657794 0.06025641025641026
9 0.6178707224334601 0.25833333333333336 0.07224334600760456 0.0858974358974359
10 0.39401140684410646 0.5487179487179488 0.05228136882129278 0.07179487179487179
8 0.5370722433460076 0.8314102564102565 0.04752851711026616 0.12179487179487179
12 0.6777566539923955 0.7435897435897436 0.0779467680608365 0.11025641025641025
13 0.3141634980988593 0.1391025641025641 0.07509505703422054 0.1064102564102564
5 0.23193916349809887 0.24294871794871795 0.08365019011406843 0.08333333333333333
1 0.23431558935361216 0.4461538461538462 0.09220532319391635 0.07435897435897436
0 0.32271863117870725 0.6448717948717949 0.06749049429657794 0.11025641025641025
3 0.46625475285171103 0.735897435897436 0.05038022813688213 0.09487179487179487
3 0.4695817490494297 0.45705128205128204 0.051330798479087454 0.07564102564102564
3 0.5427756653992395 0.1564102564102564 0.053231939163498096 0.08717948717948718
2 0.6777566539923955 0.6423076923076924 0.07224334600760456 0.08717948717948718
4 0.6159695817490495 0.3576923076923077 0.06844106463878327 0.06666666666666667