10 0.3124049429657794 0.13444871794871796 0.07822243346007605 0.11675641025641025
3 0.46953422053231936 0.151 0.05503802281368821 0.08896153846153847
3 0.3963925855513308 0.5465128205128205 0.053711977186311786 0.08191666666666667
3 0.6738022813688214 0.5457628205128205 0.06670627376425856 0.08494230769230769
11 0.613037072243346 0.2605128205128205 0.059249049429657794 0.07721794871794871
11 0.32189638783269964 0.35331410256410256 0.06394011406844106 0.08012820512820513
11 0.5343393536121673 0.734224358974359 0.05155893536121673 0.0983653846153846
12 0.39545152091254754 0.7458846153846154 0.0546245247148289 0.12167948717948718
9 0.6778897338403042 0.7439871794871794 0.08200570342205322 0.12750641025641024
8 0.5364448669201521 0.5502371794871795 0.05577946768060837 0.08935897435897436
13 0.7714115969581748 0.15530128205128205 0.08369296577946768 0.09756410256410256
0 0.7594391634980988 0.3566089743589743 0.08588403041825095 0.07710256410256411
2 0.3921530418250951 0.3486923076923077 0.06187262357414449 0.0805
5 0.5336501901140684 0.8381217948717948 0.05969106463878327 0.11385256410256411
4 0.23372148288973385 0.4500384615384615 0.09078897338403043 0.07987820512820513
1 0.2282366920152091 0.23641025641025643 0.09525665399239543 0.09632692307692309