9 0.6971387832699619 0.2580576923076923 0.08485741444866919 0.08512820512820514
10 0.760532319391635 0.35869230769230764 0.08569866920152092 0.07806410256410257
11 0.6756606463878326 0.5491730769230769 0.06567015209125475 0.08082051282051282
11 0.4670199619771863 0.640474358974359 0.05000475285171102 0.09034615384615384
11 0.24387832699619771 0.45190384615384616 0.07452946768060836 0.06617307692307693
11 0.3233079847908745 0.6439807692307692 0.06303707224334601 0.08774358974358974
11 0.4668346007604563 0.4504871794871795 0.0534458174904943 0.07255128205128206
8 0.6090304182509506 0.5486153846153846 0.06311311787072243 0.08291025641025641
13 0.3929230038022814 0.24995512820512822 0.0610361216730038 0.09457051282051282
13 0.7511026615969582 0.5489294871794872 0.08109315589353612 0.08995512820512822
8 0.32240019011406845 0.5531282051282052 0.07204847908745247 0.08343589743589744
12 0.5364353612167301 0.7433653846153847 0.06051330798479087 0.11630128205128205
3 0.3972956273764258 0.6418589743589743 0.05407794676806084 0.08989102564102563
3 0.5379467680608364 0.453525641025641 0.05165399239543727 0.07222435897435897
2 0.4659885931558936 0.5441923076923078 0.05744771863117871 0.07727564102564102
2 0.5377661596958175 0.35368589743589746 0.056040874524714825 0.08701282051282051
0 0.6134173003802282 0.35933974358974363 0.06713403041825095 0.07425641025641026
0 0.672495247148289 0.7325961538461538 0.06351235741444866 0.0907051282051282
1 0.6087975285171103 0.6511346153846154 0.06979562737642585 0.11144230769230769
4 0.5431891634980988 0.25460897435897434 0.059039923954372624 0.08475
5 0.3155513307984791 0.2462884615384615 0.0721055133079848 0.09077564102564104