7 0.39316539923954374 0.13669871794871793 0.07868821292775666 0.13116025641025642
7 0.697875475285171 0.15734615384615386 0.09663973384030419 0.10696153846153847
5 0.5476330798479088 0.14666666666666667 0.08344106463878327 0.11977564102564102
10 0.3179134980988593 0.23887179487179486 0.08660646387832699 0.11057051282051282
0 0.2326235741444867 0.2413653846153846 0.08924904942965779 0.11840384615384617
11 0.3168583650190114 0.3478141025641026 0.07604562737642585 0.08927564102564103
11 0.4689496197718631 0.35280128205128203 0.07604562737642585 0.09639743589743589
8 0.24081273764258557 0.445724358974359 0.08872148288973383 0.11140384615384614
2 0.6836169201520912 0.354224358974359 0.08713403041825096 0.10209615384615385
4 0.39633555133079845 0.4499935897435898 0.07868821292775666 0.0943205128205128
1 0.32134505703422056 0.5568012820512821 0.0829087452471483 0.11146794871794871
8 0.6096863117870722 0.4442948717948718 0.07657319391634981 0.09716025641025641
9 0.7604562737642585 0.45319871794871797 0.10139258555133081 0.09218589743589743
11 0.46577946768060835 0.5446923076923077 0.06971007604562737 0.08440384615384615
3 0.6770152091254753 0.5454038461538462 0.0718203422053232 0.09152564102564102
12 0.3947528517110266 0.8448269230769231 0.0755180608365019 0.15507051282051282
11 0.5365446768060836 0.7227115384615385 0.07393536121673004 0.13007692307692306
11 0.6704182509505703 0.7227115384615385 0.08819391634980989 0.12153205128205129
3 0.6046673003802282 0.8273782051282051 0.07710076045627376 0.1258653846153846
2 0.24767585551330798 0.7383782051282051 0.08132604562737643 0.15002564102564103
3 0.32108365019011403 0.6454487179487179 0.08660646387832699 0.0922948717948718