2 0.4726425855513308 0.24528205128205127 0.07499049429657795 0.10915384615384616
4 0.4694771863117871 0.3510192307692308 0.06865019011406844 0.08144230769230769
7 0.5455228136882129 0.3535128205128205 0.06865019011406844 0.08927564102564103
0 0.6157604562737642 0.3588461538461538 0.07393536121673004 0.07432692307692308
9 0.5423526615969582 0.5628525641025641 0.06865019011406844 0.10648717948717949
12 0.39554182509505703 0.7497628205128206 0.07076520912547528 0.11300641025641026
8 0.321611216730038 0.5464743589743589 0.0792157794676806 0.10505128205128204
11 0.3163307984790874 0.4485705128205128 0.08977661596958174 0.09146794871794872
11 0.396069391634981 0.44963461538461535 0.07604562737642585 0.09360256410256411
3 0.4676283269961977 0.45497435897435895 0.0755180608365019 0.07865384615384616
10 0.544467680608365 0.45106410256410256 0.07076520912547528 0.09930128205128205
7 0.6162880228136882 0.4521282051282052 0.0728754752851711 0.09289743589743589
5 0.6936501901140685 0.45497435897435895 0.07974334600760456 0.09574358974358975
2 0.6152281368821293 0.5496794871794872 0.08132604562737643 0.09437820512820512
3 0.6759600760456274 0.6390384615384616 0.06759505703422053 0.09941025641025641
8 0.6110076045627376 0.6458012820512821 0.07710076045627376 0.09016025641025642
11 0.5402423954372624 0.6458076923076923 0.06653992395437262 0.0987051282051282
11 0.3936929657794677 0.5436217948717949 0.07129277566539924 0.08511538461538462
11 0.4676283269961977 0.5425576923076924 0.06918250950570343 0.09152564102564102
3 0.3971292775665399 0.6500769230769231 0.06125950570342205 0.0987051282051282
1 0.4686834600760456 0.6547051282051283 0.0607319391634981 0.10226923076923077