7 0.698403041825095 0.15734615384615386 0.09558460076045629 0.13259615384615384
10 0.6875807984790875 0.360275641025641 0.09505703422053231 0.09426282051282052
11 0.755175855513308 0.4571089743589744 0.08027091254752851 0.08862820512820513
8 0.681240494296578 0.7462051282051282 0.08238117870722433 0.13436538461538464
9 0.3913165399239544 0.7504807692307692 0.0792157794676806 0.12582051282051282
6 0.31210551330798475 0.12957692307692306 0.09188688212927758 0.11976282051282051
5 0.23209600760456273 0.2410064102564103 0.09663973384030419 0.09775641025641026
4 0.2326235741444867 0.4524871794871795 0.10192015209125475 0.09360897435897436
2 0.2437167300380228 0.7405128205128205 0.10509030418250952 0.12012179487179486
0 0.5428802281368822 0.3503076923076923 0.07393536121673004 0.08856410256410256
11 0.5373384030418251 0.5475384615384615 0.06284220532319391 0.08725641025641026
11 0.3171197718631179 0.3513717948717949 0.08502376425855512 0.08215384615384615
1 0.4689496197718631 0.14808974358974358 0.06971007604562737 0.1083846153846154
0 0.6147005703422053 0.649724358974359 0.07604562737642585 0.1008397435897436
3 0.3929039923954372 0.5461217948717949 0.07604562737642585 0.1071923076923077
3 0.3929039923954372 0.44963461538461535 0.06971007604562737 0.07366666666666667