13 0.2276615969581749 0.13076923076923078 0.08269961977186312 0.10256410256410256
10 0.31749049429657794 0.2403846153846154 0.06844106463878327 0.09871794871794871
13 0.7699619771863118 0.1576923076923077 0.08935361216730038 0.09487179487179487
11 0.6131178707224335 0.26346153846153847 0.060836501901140684 0.0782051282051282
11 0.2461977186311787 0.5448717948717948 0.07224334600760456 0.07948717948717948
11 0.3217680608365019 0.44871794871794873 0.06368821292775666 0.06923076923076923
8 0.5361216730038023 0.55 0.058935361216730035 0.07435897435897436
11 0.5318441064638784 0.6403846153846153 0.05418250950570342 0.08076923076923077
11 0.6677756653992395 0.7326923076923076 0.07129277566539924 0.09102564102564102
8 0.748574144486692 0.6423076923076924 0.08269961977186312 0.09230769230769231
0 0.7447718631178707 0.7410256410256411 0.07699619771863118 0.09743589743589744
2 0.24857414448669202 0.7442307692307693 0.06368821292775666 0.11923076923076924
5 0.69106463878327 0.26153846153846155 0.07604562737642585 0.08205128205128205
2 0.6749049429657795 0.5442307692307692 0.0817490494296578 0.06282051282051282
4 0.467680608365019 0.6480769230769231 0.04752851711026616 0.10128205128205128
2 0.3921102661596958 0.5480769230769231 0.05798479087452472 0.09358974358974359
3 0.3255703422053232 0.6410256410256411 0.06178707224334601 0.08717948717948718
3 0.6017110266159695 0.8269230769230769 0.055133079847908745 0.10256410256410256
12 0.39543726235741444 0.8442307692307692 0.055133079847908745 0.13205128205128205
9 0.7580798479087453 0.4576923076923077 0.09980988593155894 0.07435897435897436
3 0.5408745247148289 0.35833333333333334 0.051330798479087454 0.06794871794871794