3 0.5427899239543726 0.15436538461538463 0.059106463878327 0.09247435897435898
2 0.39550855513307986 0.24218589743589744 0.053407794676806085 0.09993589743589744
0 0.6918963878326996 0.1545128205128205 0.08007604562737643 0.10454487179487179
2 0.4659980988593156 0.5482435897435898 0.04986692015209126 0.08269230769230769
3 0.672851711026616 0.641102564102564 0.06451520912547529 0.08767307692307692
3 0.3959980988593156 0.6417628205128205 0.05282794676806084 0.08915384615384617
1 0.6777328897338403 0.7461410256410257 0.07781844106463878 0.12018589743589744
13 0.6835931558935361 0.45802564102564103 0.0728754752851711 0.07557051282051282
5 0.7509743346007605 0.5518653846153846 0.08270437262357413 0.08560897435897437
10 0.7607414448669201 0.3618782051282051 0.08404467680608366 0.0731025641025641
13 0.610351711026616 0.5535128205128205 0.0640874524714829 0.08733974358974358
11 0.3176283269961977 0.24869871794871798 0.06396387832699621 0.08750641025641025
8 0.3229990494296578 0.6457115384615384 0.06610266159695818 0.09796153846153846
11 0.5317395437262358 0.734948717948718 0.05309885931558935 0.0991923076923077
11 0.24011406844106464 0.3490320512820513 0.07397338403041824 0.07474358974358974
12 0.3952614068441065 0.7474615384615384 0.05758555133079848 0.11960897435897436
8 0.5380846007604563 0.45374358974358975 0.05331273764258555 0.06902564102564103
11 0.46582224334600764 0.6394551282051282 0.05224809885931559 0.08544871794871796
4 0.39461977186311786 0.351173076923077 0.06197718631178707 0.07129487179487179
11 0.32177756653992395 0.44649999999999995 0.062438212927756656 0.07297435897435897
9 0.5464353612167301 0.2510769230769231 0.061254752851711024 0.0933397435897436