0 0.2352661596958175 0.24423076923076922 0.08269961977186312 0.0858974358974359
1 0.39448669201520914 0.35384615384615387 0.058935361216730035 0.07179487179487179
3 0.6730038022813688 0.5455128205128205 0.06273764258555133 0.0782051282051282
3 0.598384030418251 0.825 0.05798479087452472 0.09871794871794871
3 0.32366920152091255 0.6403846153846153 0.06178707224334601 0.09102564102564102
2 0.24952471482889735 0.7423076923076923 0.06749049429657794 0.12051282051282051
2 0.6891634980988594 0.3608974358974359 0.07984790874524715 0.047435897435897434
5 0.6169201520912547 0.25769230769230766 0.07224334600760456 0.08461538461538462
4 0.46577946768060835 0.6480769230769231 0.049429657794676805 0.09615384615384616
8 0.6088403041825095 0.45 0.06939163498098859 0.06666666666666667
9 0.7585551330798479 0.4596153846153846 0.09505703422053231 0.07307692307692308
12 0.3925855513307985 0.8423076923076923 0.04182509505703422 0.13333333333333333
10 0.31653992395437264 0.2423076923076923 0.06844106463878327 0.1
8 0.24096958174904942 0.4493589743589744 0.08079847908745247 0.06794871794871794
11 0.32129277566539927 0.3564102564102564 0.060836501901140684 0.07435897435897436
11 0.470532319391635 0.5435897435897435 0.057034220532319393 0.07948717948717948
11 0.5361216730038023 0.5474358974358975 0.058935361216730035 0.07435897435897436
11 0.5346958174904943 0.7333333333333333 0.05038022813688213 0.09230769230769231
11 0.6687262357414449 0.7307692307692307 0.06368821292775666 0.08717948717948718
13 0.4681558935361217 0.3544871794871795 0.04847908745247148 0.06794871794871794
13 0.7699619771863118 0.15705128205128205 0.08935361216730038 0.09615384615384616