5 0.28659695817490494 0.18269230769230768 0.07129277566539924 0.1346153846153846
8 0.2870722433460076 0.0685897435897436 0.051330798479087454 0.07564102564102564
1 0.42538022813688214 0.24294871794871795 0.05988593155893536 0.1782051282051282
11 0.43346007604562736 0.11602564102564103 0.043726235741444866 0.07307692307692308
11 0.23098859315589354 0.5147435897435897 0.0817490494296578 0.1346153846153846
11 0.3997148288973384 0.7602564102564102 0.07509505703422054 0.13076923076923078
11 0.7252851711026616 0.358974358974359 0.06653992395437262 0.11282051282051282
11 0.5004752851711026 0.3076923076923077 0.04467680608365019 0.041025641025641026
9 0.6012357414448669 0.7493589743589744 0.08650190114068441 0.16794871794871793
12 0.5784220532319392 0.3294871794871795 0.05418250950570342 0.16666666666666666
13 0.7942015209125475 0.27564102564102566 0.06368821292775666 0.13076923076923078
10 0.7122148288973384 0.20801282051282052 0.06701520912547529 0.13782051282051283
13 0.7065114068441065 0.1076923076923077 0.04515209125475285 0.04871794871794872
3 0.651615969581749 0.3544871794871795 0.06178707224334601 0.11923076923076924
2 0.5803231939163498 0.2153846153846154 0.05988593155893536 0.05641025641025641
3 0.8203422053231939 0.441025641025641 0.07984790874524715 0.12307692307692308
0 0.4990494296577947 0.5096153846153846 0.06463878326996197 0.14487179487179488
4 0.501425855513308 0.38333333333333336 0.05418250950570342 0.1
2 0.8041825095057035 0.7519230769230769 0.11026615969581749 0.15256410256410258