2 0.345532319391635 0.31987179487179485 0.07509505703422054 0.15512820512820513
2 0.7015209125475285 0.1391025641025641 0.07034220532319392 0.1423076923076923
3 0.8212927756653993 0.43974358974358974 0.08745247148288973 0.11794871794871795
3 0.5009505703422054 0.23974358974358975 0.045627376425855515 0.05641025641025641
5 0.502851711026616 0.3403846153846154 0.060836501901140684 0.1371794871794872
3 0.8659695817490495 0.6474358974358975 0.10456273764258556 0.12051282051282051
1 0.49619771863117873 0.7519230769230769 0.07224334600760456 0.17564102564102563
4 0.498574144486692 0.6006410256410256 0.0655893536121673 0.11923076923076924
0 0.4990494296577947 0.48717948717948717 0.057034220532319393 0.09743589743589744
11 0.32414448669201523 0.5198717948717949 0.0779467680608365 0.1294871794871795
11 0.41920152091254753 0.4282051282051282 0.07224334600760456 0.11538461538461539
11 0.6611216730038023 0.4378205128205128 0.05798479087452472 0.11666666666666667
11 0.7257604562737643 0.36217948717948717 0.05608365019011407 0.11153846153846154
10 0.5855513307984791 0.517948717948718 0.06463878326996197 0.14615384615384616
10 0.7804182509505704 0.2032051282051282 0.060836501901140684 0.14743589743589744
13 0.5765209125475285 0.3423076923076923 0.05228136882129278 0.1358974358974359
13 0.6444866920152091 0.26794871794871794 0.058935361216730035 0.13076923076923078
8 0.5703422053231939 0.18653846153846154 0.053231939163498096 0.15256410256410258
6 0.4225285171102662 0.1955128205128205 0.04847908745247148 0.06794871794871794
9 0.4225285171102662 0.2987179487179487 0.06368821292775666 0.1358974358974359