3 0.7661501901140685 0.16067948717948718 0.04465304182509506 0.1211474358974359
3 0.49778517110266157 0.7623012820512821 0.06726235741444868 0.12887820512820514
2 0.5933365019011407 0.7462051282051282 0.07722433460076045 0.16078205128205128
2 0.33357414448669204 0.41025 0.0754134980988593 0.1555448717948718
5 0.281787072243346 0.17100641025641025 0.057395437262357414 0.12897435897435897
1 0.32995247148288975 0.2764551282051282 0.05599809885931559 0.1123076923076923
0 0.49868346007604564 0.5120576923076923 0.06343155893536122 0.1572371794871795
4 0.6737214828897339 0.5110833333333333 0.09268536121673003 0.17131410256410257
11 0.309819391634981 0.6294871794871795 0.0805180608365019 0.13247435897435897
11 0.26290399239543727 0.33402564102564103 0.06715779467680609 0.12809615384615386
11 0.49887357414448674 0.34769871794871793 0.056673003802281366 0.12017948717948718
11 0.49929182509505704 0.24889743589743588 0.0475712927756654 0.07339102564102563
11 0.7253326996197719 0.35832051282051286 0.07233365019011406 0.11899358974358974
11 0.6290399239543726 0.1531025641025641 0.05833174904942966 0.1151474358974359
13 0.5018583650190115 0.08687179487179487 0.04638783269961977 0.04724358974358975
10 0.4203897338403042 0.41471153846153846 0.061307034220532325 0.16125641025641027
10 0.5000998098859316 0.16098076923076923 0.059134980988593155 0.0961025641025641
9 0.8511454372623574 0.5188333333333334 0.13027566539923954 0.1739871794871795
12 0.5761264258555133 0.3296474358974359 0.0657509505703422 0.16482692307692307
13 0.7969961977186313 0.28102564102564104 0.06595057034220532 0.1438846153846154
8 0.7072480988593156 0.19797435897435897 0.06705798479087452 0.1584551282051282