11 0.41254752851711024 0.5211538461538462 0.058935361216730035 0.12435897435897436
9 0.6007604562737643 0.75 0.09125475285171103 0.16153846153846155
2 0.8027566539923955 0.7544871794871795 0.1188212927756654 0.15512820512820513
4 0.7637832699619772 0.5211538461538462 0.10171102661596958 0.16538461538461538
3 0.8374524714828897 0.4288461538461538 0.053231939163498096 0.09615384615384616
3 0.657319391634981 0.3384615384615385 0.05038022813688213 0.09230769230769231
2 0.5746197718631179 0.2641025641025641 0.07319391634980989 0.15384615384615385
10 0.41872623574144485 0.3955128205128205 0.0408745247148289 0.12179487179487179
12 0.34220532319391633 0.31858974358974357 0.07034220532319392 0.1782051282051282
11 0.7286121673003803 0.3596153846153846 0.05988593155893536 0.1141025641025641
11 0.657319391634981 0.4391025641025641 0.06749049429657794 0.1141025641025641
13 0.7946768060836502 0.2775641025641026 0.0741444866920152 0.13205128205128205
10 0.7119771863117871 0.20192307692307693 0.07984790874524715 0.14487179487179488
1 0.7737642585551331 0.13141025641025642 0.06844106463878327 0.17307692307692307
0 0.4995247148288973 0.514102564102564 0.05988593155893536 0.16153846153846155
11 0.2325760456273764 0.5173205128205128 0.08340779467680609 0.1331025641025641
13 0.35684885931558935 0.17298717948717948 0.05102186311787072 0.1164551282051282
5 0.23453897338403043 0.39121153846153844 0.06508555133079848 0.12066666666666667