13 0.355888783269962 0.13590384615384615 0.051135931558935366 0.04744230769230769
3 0.29383079847908744 0.1282051282051282 0.04346007604562738 0.12179487179487179
12 0.3436929657794677 0.18878846153846154 0.050503802281368824 0.06347435897435898
9 0.3418773764258555 0.3122051282051282 0.07538498098859316 0.1821025641025641
10 0.4160266159695818 0.39502564102564103 0.05258079847908745 0.11696794871794872
11 0.4118916349809886 0.5075897435897436 0.06094581749049429 0.09851282051282052
11 0.40580323193916346 0.6346858974358974 0.07548954372623574 0.14039102564102562
8 0.5755798479087453 0.1427179487179487 0.04893536121673003 0.08350641025641026
2 0.5754325095057035 0.26468589743589743 0.06931558935361216 0.15875641025641024
5 0.5816492395437263 0.42899358974358975 0.07014258555133081 0.14644871794871794
0 0.5977423954372624 0.7538525641025641 0.0877851711026616 0.14873076923076925
13 0.6467015209125476 0.26747435897435895 0.06590779467680608 0.1411025641025641
11 0.6570817490494296 0.43741025641025644 0.07129277566539924 0.12482051282051282
11 0.7289876425855513 0.3559679487179487 0.06454847908745247 0.11725
1 0.7794486692015209 0.08447435897435898 0.054700570342205324 0.08240384615384616
10 0.7746245247148289 0.2042628205128205 0.0857319391634981 0.15211538461538462
3 0.8349096958174905 0.4169230769230769 0.05784220532319392 0.07102564102564102
4 0.764296577946768 0.5202820512820513 0.10427281368821292 0.15684615384615386
3 0.866406844106464 0.6260576923076923 0.10654467680608365 0.08865384615384617
2 0.8013735741444866 0.7547692307692309 0.1184648288973384 0.15531410256410255