13 0.790527566539924 0.2782371794871795 0.07263307984790875 0.1389551282051282
11 0.6665019011406844 0.5344166666666667 0.07836977186311786 0.1272628205128205
0 0.4973146387832699 0.5152820512820513 0.06488117870722433 0.15187820512820513
3 0.648925855513308 0.3549615384615385 0.06646863117870722 0.12438461538461539
4 0.1727281368821293 0.738897435897436 0.12487642585551331 0.1695769230769231
2 0.8017585551330799 0.7533846153846153 0.11859315589353613 0.15583333333333332
9 0.8526615969581749 0.5173076923076924 0.11977186311787072 0.16282051282051282
3 0.8217680608365019 0.43846153846153846 0.07889733840304182 0.10512820512820513
11 0.7248098859315589 0.35833333333333334 0.07129277566539924 0.11153846153846154
11 0.2623574144486692 0.33525641025641023 0.0741444866920152 0.12435897435897436
10 0.4130228136882129 0.41217948717948716 0.0408745247148289 0.14487179487179488
1 0.33887832699619774 0.31474358974358974 0.07129277566539924 0.1782051282051282
5 0.28279467680608367 0.1794871794871795 0.05798479087452472 0.1358974358974359
2 0.5807984790874525 0.2173076923076923 0.06273764258555133 0.05512820512820513
10 0.4976235741444867 0.16025641025641027 0.04277566539923954 0.10256410256410256
11 0.4995247148288973 0.2512820512820513 0.04467680608365019 0.07692307692307693
11 0.4976235741444867 0.35128205128205126 0.05608365019011407 0.12051282051282051
12 0.5788973384030418 0.32884615384615384 0.06463878326996197 0.16282051282051282
11 0.5703422053231939 0.1685897435897436 0.03802281368821293 0.04487179487179487
13 0.6948669201520913 0.15 0.06844106463878327 0.1358974358974359
8 0.2899239543726236 0.06923076923076923 0.045627376425855515 0.08461538461538462